year,crop,region,sort,area,production,kg/10a,areaLQ,productionLQ
1999,감자,대관령면,서류,560,15680,2800,1.652619349,1.143017847
1999,감자,대화면,서류,203,5682,2799,0.62029795,0.534001812
1999,감자,미탄면,서류,10,292,2920,0.071984797,0.071739206
1999,감자,방림면,서류,20,588,2940,0.091311188,0.078014897
1999,감자,봉평면,서류,430,14199,3302,1.623219994,1.451074369
1999,감자,용평면,서류,260,5460,2100,1.608448104,0.991071635
1999,감자,진부면,서류,750,28810,3841,1.834657754,1.77721582
1999,감자,평창읍,서류,42,882,2100,0.1010624,0.213968921
1999,겉보리,대관령면,맥류,0,0,0,,
1999,겉보리,대화면,맥류,0,0,0,,
1999,겉보리,미탄면,맥류,0,0,0,,
1999,겉보리,방림면,맥류,0,0,0,,
1999,겉보리,봉평면,맥류,0,0,0,,
1999,겉보리,용평면,맥류,0,0,0,,
1999,겉보리,진부면,맥류,0,0,0,,
1999,겉보리,평창읍,맥류,0,0,0,,
1999,고구마,대관령면,서류,0,0,0,0,0
1999,고구마,대화면,서류,0,0,0,0,0
1999,고구마,미탄면,서류,1,15,1500,5.458847118,5.73558473
1999,고구마,방림면,서류,1,15,1500,3.462215864,3.097449251
1999,고구마,봉평면,서류,0,0,0,0,0
1999,고구마,용평면,서류,0,0,0,0,0
1999,고구마,진부면,서류,0,0,0,0,0
1999,고구마,평창읍,서류,1,16,1600,1.824737777,6.041083298
1999,고추,대관령면,조미채류,0.2,4,2000,0.002397774,0.018168433
1999,고추,대화면,조미채류,107.2,268,250,1.330737721,1.569375355
1999,고추,미탄면,조미채류,101.1,202,200,2.956550591,3.092257227
1999,고추,방림면,조미채류,92.7,184,198,1.719361128,1.521137828
1999,고추,봉평면,조미채류,30.4,73,240,0.466203882,0.46484194
1999,고추,용평면,조미채류,20.2,36,178,0.507666433,0.407160311
1999,고추,진부면,조미채류,36.2,72,199,0.359745808,0.276745101
1999,고추,평창읍,조미채류,172,310,180,1.681365523,4.685914264
1999,기타과실류,대관령면,과실류,0,0,0,0,0
1999,기타과실류,대화면,과실류,0.8,4.9,614,0.275311484,0.302192299
1999,기타과실류,미탄면,과실류,3.1,6.9,610,2.513231594,1.11241955
1999,기타과실류,방림면,과실류,0.7,4.3,223,0.359933332,0.374381584
1999,기타과실류,봉평면,과실류,0,0,613,0,0
1999,기타과실류,용평면,과실류,0,0,0,0,0
1999,기타과실류,진부면,과실류,1,4,0,0.275501412,0.161920827
1999,기타과실류,평창읍,과실류,14.6,89,550,3.956609635,14.16830604
1999,기타두류,대관령면,두류,0,0,0,0,0
1999,기타두류,대화면,두류,0,0,0,0,0
1999,기타두류,미탄면,두류,5,5,100,4.094135338,4.187887263
1999,기타두류,방림면,두류,4,4,100,2.077329518,1.809303689
1999,기타두류,봉평면,두류,3,3,100,1.288194937,1.045212111
1999,기타두류,용평면,두류,0,0,0,0,0
1999,기타두류,진부면,두류,1,1,100,0.278256426,0.210304313
1999,기타두류,평창읍,두류,7,8,114,1.915974666,6.616424564
1999,기타잡곡,대관령면,잡곡,0,0,0,,
1999,기타잡곡,대화면,잡곡,0,0,0,,
1999,기타잡곡,미탄면,잡곡,0,0,0,,
1999,기타잡곡,방림면,잡곡,0,0,0,,
1999,기타잡곡,봉평면,잡곡,0,0,0,,
1999,기타잡곡,용평면,잡곡,0,0,0,,
1999,기타잡곡,진부면,잡곡,0,0,0,,
1999,기타잡곡,평창읍,잡곡,0,0,0,,
1999,녹두,대관령면,두류,0,0,0,0,0
1999,녹두,대화면,두류,0,0,0,0,0
1999,녹두,미탄면,두류,1,1,100,8.188270677,8.794563253
1999,녹두,방림면,두류,0,0,0,0,0
1999,녹두,봉평면,두류,0,0,0,0,0
1999,녹두,용평면,두류,0,0,0,0,0
1999,녹두,진부면,두류,0,0,0,0,0
1999,녹두,평창읍,두류,1,1,100,2.737106665,8.68405724
1999,논벼,대관령면,미곡,0,0,0,0,0
1999,논벼,대화면,미곡,243,1143,470,1.6400412,1.587975598
1999,논벼,미탄면,미곡,35,165,471,0.556484415,0.599257872
1999,논벼,방림면,미곡,90,423,470,0.907571149,0.829653349
1999,논벼,봉평면,미곡,110,517,470,0.917161444,0.781049479
1999,논벼,용평면,미곡,54,254,470,0.737856048,0.681557047
1999,논벼,진부면,미곡,33,155,469,0.178300234,0.141346384
1999,논벼,평창읍,미곡,465,2186,470,2.471368154,7.839499949
1999,당근,대관령면,근채류,350.5,7711,2200,2.987400051,2.555098573
1999,당근,대화면,근채류,0,0,0,0,0
1999,당근,미탄면,근채류,0,0,0,0,0
1999,당근,방림면,근채류,0,0,0,0,0
1999,당근,봉평면,근채류,7,129,1840,0.076318095,0.059925494
1999,당근,용평면,근채류,15.7,291,1854,0.280513594,0.240101789
1999,당근,진부면,근채류,414.5,7619,1838,2.928457244,2.136411411
1999,당근,평창읍,근채류,0,0,0,0,0
1999,딸기,대관령면,과채류,0,0,0,,
1999,딸기,대화면,과채류,0,0,0,,
1999,딸기,미탄면,과채류,0,0,0,,
1999,딸기,방림면,과채류,0,0,0,,
1999,딸기,봉평면,과채류,0,0,0,,
1999,딸기,용평면,과채류,0,0,0,,
1999,딸기,진부면,과채류,0,0,0,,
1999,딸기,평창읍,과채류,0,0,0,,
1999,마늘,대관령면,조미채류,0,0,700,0,0
1999,마늘,대화면,조미채류,2,14,700,0.920743704,0.891179343
1999,마늘,미탄면,조미채류,1,7,700,1.084539162,1.164842815
1999,마늘,방림면,조미채류,1.2,8.4,700,0.825428948,0.754875049
1999,마늘,봉평면,조미채류,0.5,3.5,700,0.284369743,0.242267708
1999,마늘,용평면,조미채류,0.5,3.5,700,0.466023871,0.430304633
1999,마늘,진부면,조미채류,0,0,700,0,0
1999,마늘,평창읍,조미채류,9.9,69.3,700,3.589053773,11.38704194
1999,메밀,대관령면,잡곡,0,0,0,0,0
1999,메밀,대화면,잡곡,0,0,0,0,0
1999,메밀,미탄면,잡곡,4,3,75,2.426154275,2.398517251
1999,메밀,방림면,잡곡,0,0,0,0,0
1999,메밀,봉평면,잡곡,11,10,91,3.498801064,3.325674898
1999,메밀,용평면,잡곡,5,3,60,2.60628165,1.772072716
1999,메밀,진부면,잡곡,0,0,0,0,0
1999,메밀,평창읍,잡곡,7,6,86,1.419240493,4.736758495
1999,무,대관령면,근채류,105,2784,2651,0.97475863,0.706578258
1999,무,대화면,근채류,109.5,3568,3258,1.05254679,1.167482645
1999,무,미탄면,근채류,38.6,1107,2868,0.874079779,0.946902837
1999,무,방림면,근채류,204.2,5242,2567,2.93273429,2.42148238
1999,무,봉평면,근채류,80.9,2484,3070,0.960683724,0.88382766
1999,무,용평면,근채류,46.8,1316,2812,0.91075705,0.831672572
1999,무,진부면,근채류,93.9,2697,2891,0.722574071,0.579244534
1999,무,평창읍,근채류,44.3,1365,3081,0.335325844,1.15291914
1999,배,대관령면,과실류,0,0,0,0,0
1999,배,대화면,과실류,0,0,0,0,0
1999,배,미탄면,과실류,2,36,0,10.91769424,12.92262356
1999,배,방림면,과실류,0,0,0,0,0
1999,배,봉평면,과실류,0,0,0,0,0
1999,배,용평면,과실류,0,0,0,0,0
1999,배,진부면,과실류,0,0,0,0,0
1999,배,평창읍,과실류,1,13,0,1.824737777,4.607867107
1999,배추,대관령면,엽채류,380,15250,4013,1.048853445,0.763528855
1999,배추,대화면,엽채류,453,20280,4477,1.294639688,1.309055652
1999,배추,미탄면,엽채류,240,11296,4707,1.615840291,1.906106018
1999,배추,방림면,엽채류,431.5,18051,4183,1.842558147,1.644940277
1999,배추,봉평면,엽채류,271.5,11077,4080,0.958572947,0.777504167
1999,배추,용평면,엽채류,215.2,8526,3962,1.245152023,1.062934222
1999,배추,진부면,엽채류,326,12765,3916,0.745860836,0.540836992
1999,배추,평창읍,엽채류,115.2,6992,6069,0.2592622,1.165016803
1999,복숭아,대관령면,과실류,0,0,0,,
1999,복숭아,대화면,과실류,0,0,0,,
1999,복숭아,미탄면,과실류,0,0,0,,
1999,복숭아,방림면,과실류,0,0,0,,
1999,복숭아,봉평면,과실류,0,0,0,,
1999,복숭아,용평면,과실류,0,0,0,,
1999,복숭아,진부면,과실류,0,0,0,,
1999,복숭아,평창읍,과실류,0,0,0,,
1999,사과,대관령면,과실류,0,0,0,0,0
1999,사과,대화면,과실류,0,0,0,0,0
1999,사과,미탄면,과실류,0,0,0,0,0
1999,사과,방림면,과실류,0,0,0,0,0
1999,사과,봉평면,과실류,0,0,0,0,0
1999,사과,용평면,과실류,0,0,0,0,0
1999,사과,진부면,과실류,0,0,0,0,0
1999,사과,평창읍,과실류,1.5,27.4,1827,5.474213331,17.36811448
1999,상추,대관령면,엽채류,84,2320,2762,5.980449129,4.751886683
1999,상추,대화면,엽채류,0,0,0,0,0
1999,상추,미탄면,엽채류,0.1,3,3000,0.017366428,0.020709333
1999,상추,방림면,엽채류,8.8,194,2205,0.969273582,0.723224414
1999,상추,봉평면,엽채류,0.1,2,2000,0.009107069,0.005742924
1999,상추,용평면,엽채류,1,20,2000,0.149246245,0.102003139
1999,상추,진부면,엽채류,0,0,0,0,0
1999,상추,평창읍,엽채류,0.3,9,3000,0.017415313,0.061347343
1999,생강,대관령면,조미채류,0,0,0,,
1999,생강,대화면,조미채류,0,0,0,,
1999,생강,미탄면,조미채류,0,0,0,,
1999,생강,방림면,조미채류,0,0,0,,
1999,생강,봉평면,조미채류,0,0,0,,
1999,생강,용평면,조미채류,0,0,0,,
1999,생강,진부면,조미채류,0,0,0,,
1999,생강,평창읍,조미채류,0,0,0,,
1999,수박,대관령면,과채류,0,0,0,0,0
1999,수박,대화면,과채류,0,0,0,0,0
1999,수박,미탄면,과채류,0.1,2,2000,0.172384646,0.123867088
1999,수박,방림면,과채류,0.1,3,3000,0.109333133,0.100339905
1999,수박,봉평면,과채류,0,0,0,0,0
1999,수박,용평면,과채류,0,0,0,0,0
1999,수박,진부면,과채류,0,0,0,0,0
1999,수박,평창읍,과채류,9.3,279,3000,5.358966734,17.06233782
1999,수수,대관령면,잡곡,0,0,100,0,0
1999,수수,대화면,잡곡,5,5,100,1.448253117,1.462696531
1999,수수,미탄면,잡곡,4,4,100,2.729423559,3.058978523
1999,수수,방림면,잡곡,2,2,100,0.865553966,0.825986467
1999,수수,봉평면,잡곡,3,3,100,1.073495781,0.954324101
1999,수수,용평면,잡곡,1,1,100,0.586413371,0.565008692
1999,수수,진부면,잡곡,3,3,100,0.695641065,0.576050943
1999,수수,평창읍,잡곡,6,5,83,1.368553333,3.775677061
1999,시금치,대관령면,엽채류,0,0,0,0,0
1999,시금치,대화면,엽채류,0,0,0,0,0
1999,시금치,미탄면,엽채류,0,0,0,0,0
1999,시금치,방림면,엽채류,0,0,0,0,0
1999,시금치,봉평면,엽채류,1.7,46,2706,8.587966249,7.316484776
1999,시금치,용평면,엽채류,0,0,0,0,0
1999,시금치,진부면,엽채류,0,0,0,0,0
1999,시금치,평창읍,엽채류,0,0,0,0,0
1999,양배추,대관령면,엽채류,77,3311,4300,1.012059495,0.79740285
1999,양배추,대화면,엽채류,174,6564,3600,2.368012928,2.038082332
1999,양배추,미탄면,엽채류,23,860,3739,0.737393209,0.69804563
1999,양배추,방림면,엽채류,42.5,1635,3759,0.864198361,0.71668715
1999,양배추,봉평면,엽채류,94,5186,5499,1.580400993,1.750959393
1999,양배추,용평면,엽채류,69,2918,4229,1.901136536,1.749884327
1999,양배추,진부면,엽채류,20.5,770,3756,0.223345996,0.156927584
1999,양배추,평창읍,엽채류,10.8,426,3944,0.11574296,0.341431323
1999,양파,대관령면,조미채류,59.9,3055,5100,1.58515802,1.38628692
1999,양파,대화면,조미채류,8.8,370,0,0.24112815,0.216460264
1999,양파,미탄면,조미채류,0,0,0,0,0
1999,양파,방림면,조미채류,18.2,728,4000,0.745120166,0.601265864
1999,양파,봉평면,조미채류,33,1353,4100,1.117078779,0.860725494
1999,양파,용평면,조미채류,10.4,447,4298,0.57693645,0.505073851
1999,양파,진부면,조미채류,123.4,5548,4496,2.706885531,2.130435168
1999,양파,평창읍,조미채류,0,0,0,0,0
1999,오이,대관령면,과채류,0.2,7,0,0.231509176,0.199629383
1999,오이,대화면,과채류,3.3,99,3000,3.955229203,3.639956285
1999,오이,미탄면,과채류,0,0,0,0,0
1999,오이,방림면,과채류,0.1,3,3000,0.179080131,0.15571876
1999,오이,봉평면,과채류,0,0,0,0,0
1999,오이,용평면,과채류,0,0,0,0,0
1999,오이,진부면,과채류,1.1,36,3273,1.055455409,0.868798144
1999,오이,평창읍,과채류,1.1,38,0,1.038212873,3.606493717
1999,옥수수,대관령면,잡곡,5,28,560,0.021286513,0.025569328
1999,옥수수,대화면,잡곡,132,744,564,0.581872654,0.875928715
1999,옥수수,미탄면,잡곡,123,775,630,1.277307918,2.385227129
1999,옥수수,방림면,잡곡,59,366,620,0.388593664,0.608324941
1999,옥수수,봉평면,잡곡,135,621,460,0.735177834,0.795019606
1999,옥수수,용평면,잡곡,37,244,659,0.330206134,0.554825683
1999,옥수수,진부면,잡곡,136,766,563,0.47993499,0.591943163
1999,옥수수,평창읍,잡곡,950,2171,229,3.297718874,6.597756175
1999,자두,대관령면,과실류,0,0,0,,
1999,자두,대화면,과실류,0,0,0,,
1999,자두,미탄면,과실류,0,0,0,,
1999,자두,방림면,과실류,0,0,0,,
1999,자두,봉평면,과실류,0,0,0,,
1999,자두,용평면,과실류,0,0,0,,
1999,자두,진부면,과실류,0,0,0,,
1999,자두,평창읍,과실류,0,0,0,,
1999,조,대관령면,잡곡,0,0,0,0,0
1999,조,대화면,잡곡,2,2,100,2.317204987,2.242801347
1999,조,미탄면,잡곡,1,1,100,2.729423559,2.931521084
1999,조,방림면,잡곡,0,0,0,0,0
1999,조,봉평면,잡곡,1,1,100,1.431327708,1.219414129
1999,조,용평면,잡곡,0,0,0,0,0
1999,조,진부면,잡곡,0,0,0,0,0
1999,조,평창읍,잡곡,2,2,100,1.824737777,5.789371494
1999,콩,대관령면,두류,0,0,0,0,0
1999,콩,대화면,두류,67,96,143,1.446454045,1.380185444
1999,콩,미탄면,두류,62,91,147,3.153247093,3.420107932
1999,콩,방림면,두류,15,22,147,0.483850043,0.446526872
1999,콩,봉평면,두류,27,40,148,0.720108971,0.625340579
1999,콩,용평면,두류,26,41,158,1.136403552,1.138468369
1999,콩,진부면,두류,10,15,150,0.172830078,0.14155098
1999,콩,평창읍,두류,115,163,142,1.95507619,6.049150984
1999,토마토,대관령면,과채류,0.3,13,4333,0.649719301,0.109782317
1999,토마토,대화면,과채류,0,0,0,0,0
1999,토마토,미탄면,과채류,0,0,0,0,0
1999,토마토,방림면,과채류,0.5,23,4600,1.675265741,0.353516862
1999,토마토,봉평면,과채류,0,0,0,0,0
1999,토마토,용평면,과채류,2,573,2865,9.079948974,12.0489475
1999,토마토,진부면,과채류,0.3,9,3000,0.538560824,0.064316367
1999,토마토,평창읍,과채류,0,0,0,0,0
1999,파,대관령면,조미채류,0,0,0,,
1999,파,대화면,조미채류,0,0,0,,
1999,파,미탄면,조미채류,0,0,0,,
1999,파,방림면,조미채류,0,0,0,,
1999,파,봉평면,조미채류,0,0,0,,
1999,파,용평면,조미채류,0,0,0,,
1999,파,진부면,조미채류,0,0,0,,
1999,파,평창읍,조미채류,0,0,0,,
1999,팥,대관령면,두류,0,0,0,0,0
1999,팥,대화면,두류,56,69,123,2.1507759,2.169438686
1999,팥,미탄면,두류,10,12,120,0.90478129,0.986306159
1999,팥,방림면,두류,57,65,114,3.27093322,2.885163009
1999,팥,봉평면,두류,29,34,117,1.375972493,1.162432161
1999,팥,용평면,두류,10,12,120,0.777564691,0.728702799
1999,팥,진부면,두류,7,8,114,0.215225965,0.165098713
1999,팥,평창읍,두류,12,14,117,0.362931271,1.136231788
1999,포도,대관령면,과실류,0,0,0,0,0
1999,포도,대화면,과실류,0,0,0,0,0
1999,포도,미탄면,과실류,0,0,0,0,0
1999,포도,방림면,과실류,0,0,0,0,0
1999,포도,봉평면,과실류,0,0,0,0,0
1999,포도,용평면,과실류,0,0,0,0,0
1999,포도,진부면,과실류,0,0,0,0,0
1999,포도,평창읍,과실류,1.4,1.6,114,5.474213331,17.36811448
1999,호박,대관령면,과채류,0,0,0,,
1999,호박,대화면,과채류,0,0,0,,
1999,호박,미탄면,과채류,0,0,0,,
1999,호박,방림면,과채류,0,0,0,,
1999,호박,봉평면,과채류,0,0,0,,
1999,호박,용평면,과채류,0,0,0,,
1999,호박,진부면,과채류,0,0,0,,
1999,호박,평창읍,과채류,0,0,0,,
2000,감자,대관령면,서류,414.8,10606.4,1557,1.098856664,0.721956696
2000,감자,대화면,서류,147.6,4090.5,2771.3,0.390707881,0.34111098
2000,감자,미탄면,서류,41,995.3,2427,0.165161376,0.143695187
2000,감자,방림면,서류,184,5191.9,2822,0.514367749,0.41424708
2000,감자,봉평면,서류,496.9,17967.9,3616,1.521801536,1.529927938
2000,감자,용평면,서류,519.2,18748.7,3611.1,1.708237918,1.64646522
2000,감자,진부면,서류,1081,39024.1,3610,1.799657915,1.613916982
2000,감자,평창읍,서류,67.7,2011.1,2971,0.188134686,0.388097815
2000,겉보리,대관령면,맥류,0,0,0,0,0
2000,겉보리,대화면,맥류,1.8,5.4,300,4.018981905,4.230179285
2000,겉보리,미탄면,맥류,0,0,0,0,0
2000,겉보리,방림면,맥류,0,0,0,0,0
2000,겉보리,봉평면,맥류,0,0,0,0,0
2000,겉보리,용평면,맥류,0.4,1.2,300,1.110072635,0.98993883
2000,겉보리,진부면,맥류,0,0,0,0,0
2000,겉보리,평창읍,맥류,1.3,3.9,300,3.047202306,7.069974558
2000,고구마,대관령면,서류,0,0,0,0,0
2000,고구마,대화면,서류,0,0,0,0,0
2000,고구마,미탄면,서류,1.2,17.5,1458.3,1.385525211,1.424043416
2000,고구마,방림면,서류,0,0,0,0,0
2000,고구마,봉평면,서류,0,0,0,0,0
2000,고구마,용평면,서류,0,0,0,0,0
2000,고구마,진부면,서류,0,0,0,0,0
2000,고구마,평창읍,서류,9.1,157.5,1734.6,7.24819966,17.1310922
2000,고추,대관령면,조미채류,1,2,200,0.012770647,0.009140845
2000,고추,대화면,조미채류,90,220,244.4,1.148468049,1.231842542
2000,고추,미탄면,조미채류,188.1,461,245.1,3.652784278,4.468917732
2000,고추,방림면,조미채류,90.9,223,245.3,1.224983911,1.19467896
2000,고추,봉평면,조미채류,28,39,139.3,0.413387792,0.222972589
2000,고추,용평면,조미채류,22.5,55,244.4,0.356867325,0.324307735
2000,고추,진부면,조미채류,35,85,242.9,0.280894286,0.236037191
2000,고추,평창읍,조미채류,156.9,384,244.7,2.101908188,4.975674612
2000,기타과실류,대관령면,과실류,0,0,0,0,0
2000,기타과실류,대화면,과실류,0,0,0,0,0
2000,기타과실류,미탄면,과실류,3.1,0.7,22.6,1.852588777,0.090456478
2000,기타과실류,방림면,과실류,0,0,0,0,0
2000,기타과실류,봉평면,과실류,0,0,0,0,0
2000,기타과실류,용평면,과실류,0,0,0,0,0
2000,기타과실류,진부면,과실류,0,0,0,0,0
2000,기타과실류,평창읍,과실류,16.8,109.5,651.8,6.925995191,18.91363779
2000,기타두류,대관령면,두류,0,0,0,0,0
2000,기타두류,대화면,두류,0,0,0,0,0
2000,기타두류,미탄면,두류,0,0,0,0,0
2000,기타두류,방림면,두류,0,0,0,0,0
2000,기타두류,봉평면,두류,0,0,0,0,0
2000,기타두류,용평면,두류,0,0,0,0,0
2000,기타두류,진부면,두류,3,0.3,100,4.914847452,4.079278037
2000,기타두류,평창읍,두류,0,0,0,0,0
2000,기타잡곡,대관령면,잡곡,0,0,0,,
2000,기타잡곡,대화면,잡곡,0,0,0,,
2000,기타잡곡,미탄면,잡곡,0,0,0,,
2000,기타잡곡,방림면,잡곡,0,0,0,,
2000,기타잡곡,봉평면,잡곡,0,0,0,,
2000,기타잡곡,용평면,잡곡,0,0,0,,
2000,기타잡곡,진부면,잡곡,0,0,0,,
2000,기타잡곡,평창읍,잡곡,0,0,0,,
2000,녹두,대관령면,두류,0,0,0,0,0
2000,녹두,대화면,두류,0,0,0,0,0
2000,녹두,미탄면,두류,1.1,1.1,90.9,9.344048002,11.18891256
2000,녹두,방림면,두류,0,0,0,0,0
2000,녹두,봉평면,두류,0,0,0,0,0
2000,녹두,용평면,두류,0,0,0,0,0
2000,녹두,진부면,두류,0,0,0,0,0
2000,녹두,평창읍,두류,0.3,0.3,100,1.75800133,4.078831476
2000,논벼,대관령면,미곡,0,0,0,0,0
2000,논벼,대화면,미곡,243,1130,465,1.843659175,1.940831892
2000,논벼,미탄면,미곡,35,163,466,0.40411152,0.484692163
2000,논벼,방림면,미곡,90,419,466,0.72111905,0.688552935
2000,논벼,봉평면,미곡,110,511,465,0.965584438,0.896158293
2000,논벼,용평면,미곡,54,251,465,0.50923235,0.453988966
2000,논벼,진부면,미곡,33,143,433,0.157465986,0.121807634
2000,논벼,평창읍,미곡,465,2172,467,3.703750376,8.632916232
2000,당근,대관령면,근채류,124,4464,3600,2.134651697,1.832532966
2000,당근,대화면,근채류,1.3,47,3615.5,0.02236208,0.023637504
2000,당근,미탄면,근채류,0,0,0,0,0
2000,당근,방림면,근채류,0,0,0,0,0
2000,당근,봉평면,근채류,3.8,137,3605.3,0.075626788,0.070352362
2000,당근,용평면,근채류,5.2,187,3596.2,0.111178307,0.099039279
2000,당근,진부면,근채류,320,11520,3600,3.461922044,2.873328217
2000,당근,평창읍,근채류,0,0,0,0,0
2000,딸기,대관령면,과채류,0,0,0,,
2000,딸기,대화면,과채류,0,0,0,,
2000,딸기,미탄면,과채류,0,0,0,,
2000,딸기,방림면,과채류,0,0,0,,
2000,딸기,봉평면,과채류,0,0,0,,
2000,딸기,용평면,과채류,0,0,0,,
2000,딸기,진부면,과채류,0,0,0,,
2000,딸기,평창읍,과채류,0,0,0,,
2000,마늘,대관령면,조미채류,0,0,700,0,0
2000,마늘,대화면,조미채류,3,21,700,3.349151588,3.525149404
2000,마늘,미탄면,조미채류,2.3,16.1,700,3.907510983,4.678999796
2000,마늘,방림면,조미채류,0.5,3.5,700,0.589486207,0.562134334
2000,마늘,봉평면,조미채류,0,0,700,0,0
2000,마늘,용평면,조미채류,0.1,0.7,700,0.138759079,0.123742354
2000,마늘,진부면,조미채류,0,0,700,0,0
2000,마늘,평창읍,조미채류,1.1,7.7,700,1.289200976,2.991143082
2000,메밀,대관령면,잡곡,0,0,0,0,0
2000,메밀,대화면,잡곡,2.5,2.2,88,0.824334076,0.87419164
2000,메밀,미탄면,잡곡,0.1,0.1,80,0.050179007,0.068794368
2000,메밀,방림면,잡곡,0,0,0,0,0
2000,메밀,봉평면,잡곡,14.3,11.5,80.3,5.455348366,4.665907879
2000,메밀,용평면,잡곡,0.7,1.5,88.2,0.28688586,0.627678606
2000,메밀,진부면,잡곡,4.5,4.1,91.1,0.933198883,0.807972945
2000,메밀,평창읍,잡곡,1.6,1.3,79.8,0.553856959,1.195406326
2000,무,대관령면,근채류,108,2807,2599.1,0.959818592,0.656817345
2000,무,대화면,근채류,132,4097,3103.8,1.172203056,1.174476467
2000,무,미탄면,근채류,113,4478,3962.8,1.527095448,2.222446735
2000,무,방림면,근채류,268,9792,3653.7,2.513354829,2.685737694
2000,무,봉평면,근채류,66,1853,2807.6,0.678103617,0.542385569
2000,무,용평면,근채류,51,1418,2780.4,0.562920356,0.428071865
2000,무,진부면,근채류,93,2489,2676.3,0.519410015,0.353860629
2000,무,평창읍,근채류,49,1759,3589.8,0.456813982,1.166896733
2000,배,대관령면,과실류,0,0,0,0,0
2000,배,대화면,과실류,0,0,0,0,0
2000,배,미탄면,과실류,3,37.5,1250,9.642506537,10.491479
2000,배,방림면,과실류,0,0,0,0,0
2000,배,봉평면,과실류,0,0,0,0,0
2000,배,용평면,과실류,0,0,0,0,0
2000,배,진부면,과실류,0,0,0,0,0
2000,배,평창읍,과실류,0.7,13.4,1914.3,1.552109283,5.011059495
2000,배추,대관령면,엽채류,375,14181,3781.6,1.078624138,0.857907165
2000,배추,대화면,엽채류,462,19544,4230.3,1.327835753,1.448515167
2000,배추,미탄면,엽채류,335,14595,4356.7,1.465230704,1.872762089
2000,배추,방림면,엽채류,500,21533,4306.6,1.51761804,1.526961081
2000,배추,봉평면,엽채류,287,11266,3925.4,0.95434958,0.852577155
2000,배추,용평면,엽채류,243,9432,3881.5,0.868073534,0.73616554
2000,배추,진부면,엽채류,329,12432,3778.7,0.594698349,0.456961476
2000,배추,평창읍,엽채류,188,7997,4253.7,0.567250153,1.371591922
2000,복숭아,대관령면,과실류,0,0,0,0,0
2000,복숭아,대화면,과실류,0,0,0,0,0
2000,복숭아,미탄면,과실류,0.2,0,0,2.642761051,0
2000,복숭아,방림면,과실류,0,0,0,0,0
2000,복숭아,봉평면,과실류,0,0,0,0,0
2000,복숭아,용평면,과실류,0,0,0,0,0
2000,복숭아,진부면,과실류,0,0,0,0,0
2000,복숭아,평창읍,과실류,0.7,4.2,600,6.380893718,19.03454689
2000,사과,대관령면,과실류,0,0,0,0,0
2000,사과,대화면,과실류,0,0,0,0,0
2000,사과,미탄면,과실류,0,0,0,0,0
2000,사과,방림면,과실류,0,0,0,0,0
2000,사과,봉평면,과실류,0,0,0,0,0
2000,사과,용평면,과실류,0,0,0,0,0
2000,사과,진부면,과실류,0,0,0,0,0
2000,사과,평창읍,과실류,2.6,47,1807.7,8.204006209,19.03454689
2000,상추,대관령면,엽채류,190.3,5043,2650,5.25525282,4.511452926
2000,상추,대화면,엽채류,5.9,156.5,2652.5,0.16280598,0.17152126
2000,상추,미탄면,엽채류,0,0,0,0,0
2000,상추,방림면,엽채류,7.6,201.4,2650,0.221473632,0.211191735
2000,상추,봉평면,엽채류,5.4,143,2648.1,0.172399225,0.160027274
2000,상추,용평면,엽채류,1.9,50.4,2652.6,0.065165811,0.058169623
2000,상추,진부면,엽채류,72,1908,2650,1.249537488,1.037076948
2000,상추,평창읍,엽채류,0.1,2.7,2700,0.002896895,0.006847872
2000,생강,대관령면,조미채류,0,0,0,,
2000,생강,대화면,조미채류,0,0,0,,
2000,생강,미탄면,조미채류,0,0,0,,
2000,생강,방림면,조미채류,0,0,0,,
2000,생강,봉평면,조미채류,0,0,0,,
2000,생강,용평면,조미채류,0,0,0,,
2000,생강,진부면,조미채류,0,0,0,,
2000,생강,평창읍,조미채류,0,0,0,,
2000,수박,대관령면,과채류,0,0,0,0,0
2000,수박,대화면,과채류,0.3,9,3000,0.24420897,0.249252988
2000,수박,미탄면,과채류,0,0,0,0,0
2000,수박,방림면,과채류,0,0,0,0,0
2000,수박,봉평면,과채류,0,0,0,0,0
2000,수박,용평면,과채류,0,0,0,0,0
2000,수박,진부면,과채류,0,0,0,0,0
2000,수박,평창읍,과채류,9.3,288,3096.8,7.947631015,18.45774244
2000,수수,대관령면,잡곡,0,0,0,0,0
2000,수수,대화면,잡곡,8.1,7.5,92.6,2.20553885,2.251464036
2000,수수,미탄면,잡곡,7.8,8.1,103.8,3.232087557,4.209763384
2000,수수,방림면,잡곡,0.5,0.5,100,0.143777124,0.143610961
2000,수수,봉평면,잡곡,0,0,0,0,0
2000,수수,용평면,잡곡,0.8,0.9,112.5,0.270749423,0.284517091
2000,수수,진부면,잡곡,0.2,0.2,100,0.034249808,0.029775752
2000,수수,평창읍,잡곡,11.3,10.2,90.1,3.230148786,7.08585322
2000,시금치,대관령면,엽채류,0,0,0,,
2000,시금치,대화면,엽채류,0,0,0,,
2000,시금치,미탄면,엽채류,0,0,0,,
2000,시금치,방림면,엽채류,0,0,0,,
2000,시금치,봉평면,엽채류,0,0,0,,
2000,시금치,용평면,엽채류,0,0,0,,
2000,시금치,진부면,엽채류,0,0,0,,
2000,시금치,평창읍,엽채류,0,0,0,,
2000,양배추,대관령면,엽채류,107,4644,4340.2,1.226468733,1.159609782
2000,양배추,대화면,엽채류,192,8332,4339.6,2.199061866,2.548854679
2000,양배추,미탄면,엽채류,14.2,629,4429.6,0.247504662,0.333131251
2000,양배추,방림면,엽채류,43.6,1892,4339.4,0.527366819,0.553771729
2000,양배추,봉평면,엽채류,97,4209,4339.2,1.285378882,1.314707352
2000,양배추,용평면,엽채류,181.1,5125,4339.5,2.578116443,1.651017905
2000,양배추,진부면,엽채류,38,1649,4339.5,0.273727397,0.250175896
2000,양배추,평창읍,엽채류,9.4,408,4340.4,0.113026027,0.288831268
2000,양파,대관령면,조미채류,99.1,5054,5099.9,2.626349503,2.440997602
2000,양파,대화면,조미채류,2.7,122,4518.5,0.071500017,0.072188514
2000,양파,미탄면,조미채류,0,0,0,0,0
2000,양파,방림면,조미채류,4.7,212,4510.6,0.131440842,0.1200212
2000,양파,봉평면,조미채류,24,960,4000,0.735320764,0.580007828
2000,양파,용평면,조미채류,4.8,202,4208.3,0.157990683,0.125869857
2000,양파,진부면,조미채류,159.8,7351,4600.1,2.661445689,2.157166596
2000,양파,평창읍,조미채류,0,0,0,0,0
2000,오이,대관령면,과채류,0,0,0,0,0
2000,오이,대화면,과채류,0.7,25.5,3642.9,1.823426976,1.917243049
2000,오이,미탄면,과채류,0,0,0,0,0
2000,오이,방림면,과채류,0,0,0,0,0
2000,오이,봉평면,과채류,0,0,0,0,0
2000,오이,용평면,과채류,0.5,18.4,3680,1.618855926,1.456856962
2000,오이,진부면,과채류,1.3,47.3,3638.5,2.129767229,1.763709791
2000,오이,평창읍,과채류,0.5,18.2,3640,1.367334368,3.166624802
2000,옥수수,대관령면,잡곡,0,0,0,0,0
2000,옥수수,대화면,잡곡,41.8,271.4,949.3,0.65884211,0.832566148
2000,옥수수,미탄면,잡곡,114.6,563.6,491.8,2.748833953,2.993290081
2000,옥수수,방림면,잡곡,52.2,323.5,619.9,0.868891731,0.949504494
2000,옥수수,봉평면,잡곡,39.9,230.7,577.9,0.727614208,0.722621455
2000,옥수수,용평면,잡곡,34.4,179.8,522.7,0.673924694,0.580845584
2000,옥수수,진부면,잡곡,65.2,331.2,508.3,0.64632524,0.503881284
2000,옥수수,평창읍,잡곡,147.7,781.1,529,2.443992975,5.545028372
2000,자두,대관령면,과실류,0,0,0,,
2000,자두,대화면,과실류,0,0,0,,
2000,자두,미탄면,과실류,0,0,0,,
2000,자두,방림면,과실류,0,0,0,,
2000,자두,봉평면,과실류,0,0,0,,
2000,자두,용평면,과실류,0,0,0,,
2000,자두,진부면,과실류,0,0,0,,
2000,자두,평창읍,과실류,0,0,0,,
2000,조,대관령면,잡곡,0,0,0,0,0
2000,조,대화면,잡곡,0.8,0.9,112.5,0.694638848,0.850898132
2000,조,미탄면,잡곡,1.7,1.5,88.2,2.246346893,2.455247269
2000,조,방림면,잡곡,0,0,0,0,0
2000,조,봉평면,잡곡,0,0,0,0,0
2000,조,용평면,잡곡,0,0,0,0,0
2000,조,진부면,잡곡,4.7,4.5,95.7,2.566642558,2.109971399
2000,조,평창읍,잡곡,1.8,1.8,102.9,1.640801242,3.938182114
2000,콩,대관령면,두류,0,0,0,0,0
2000,콩,대화면,두류,15.1,18.6,123.2,0.505794146,0.456827364
2000,콩,미탄면,두류,56.4,76.7,136,2.87497966,3.261395343
2000,콩,방림면,두류,24.5,36,146.9,0.866668534,0.84597105
2000,콩,봉평면,두류,19.5,32.8,167.9,0.755709131,0.822559574
2000,콩,용평면,두류,11.7,19.8,169,0.487113956,0.512113772
2000,콩,진부면,두류,9.4,13.8,147.6,0.19802643,0.168092078
2000,콩,평창읍,두류,96.7,137.2,142,3.400460353,7.797969044
2000,토마토,대관령면,과채류,0,0,0,0,0
2000,토마토,대화면,과채류,0.7,29.4,4200,1.439547612,0.372038845
2000,토마토,미탄면,과채류,0,0,0,0,0
2000,토마토,방림면,과채류,0,0,0,0,0
2000,토마토,봉평면,과채류,0.2,8,4000,0.475862187,0.103367805
2000,토마토,용평면,과채류,2,573,28650,5.112176608,7.635855093
2000,토마토,진부면,과채류,0,0,0,0,0
2000,토마토,평창읍,과채류,0.9,39.6,4400,1.943054102,1.159643164
2000,파,대관령면,조미채류,0,0,0,0,0
2000,파,대화면,조미채류,0,0,2600,0,0
2000,파,미탄면,조미채류,0.2,5.2,2600,1.585656631,1.898724555
2000,파,방림면,조미채류,0.4,10.4,0,2.200748507,2.098634849
2000,파,봉평면,조미채류,0,0,0,0,0
2000,파,용평면,조미채류,0,0,2600,0,0
2000,파,진부면,조미채류,0.6,15.6,0,1.965938981,1.631711215
2000,파,평창읍,조미채류,0.3,7.8,0,1.640801242,3.806909377
2000,팥,대관령면,두류,0,0,0,0,0
2000,팥,대화면,두류,69,71.8,104.1,1.656569603,1.581628362
2000,팥,미탄면,두류,15.3,16.1,105.2,0.558998766,0.614009079
2000,팥,방림면,두류,78,89,114.1,1.977631147,1.875788379
2000,팥,봉평면,두류,35.6,44.6,125.1,0.988857706,1.003157698
2000,팥,용평면,두류,9.3,11.7,125.8,0.277518159,0.271411322
2000,팥,진부면,두류,8.6,10.8,125.6,0.129854648,0.117986617
2000,팥,평창읍,두류,109.7,129.4,118,2.76491392,6.596331995
2000,포도,대관령면,과실류,0,0,0,0,0
2000,포도,대화면,과실류,0,0,0,0,0
2000,포도,미탄면,과실류,0,0,0,0,0
2000,포도,방림면,과실류,0,0,0,0,0
2000,포도,봉평면,과실류,0,0,0,0,0
2000,포도,용평면,과실류,0.1,0,0,0.215847457,0
2000,포도,진부면,과실류,0,0,0,0,0
2000,포도,평창읍,과실류,4.4,16.1,365.9,8.02169496,19.03454689
2000,호박,대관령면,과채류,0,0,0,,
2000,호박,대화면,과채류,0,0,0,,
2000,호박,미탄면,과채류,0,0,0,,
2000,호박,방림면,과채류,0,0,0,,
2000,호박,봉평면,과채류,0,0,0,,
2000,호박,용평면,과채류,0,0,0,,
2000,호박,진부면,과채류,0,0,0,,
2000,호박,평창읍,과채류,0,0,0,,
2001,감자,대관령면,서류,465.1,12139,2610,1.280181133,0.775890645
2001,감자,대화면,서류,206,5825,2828,0.558750626,0.641242655
2001,감자,미탄면,서류,6.3,164.8,2450,0.034570203,0.050597704
2001,감자,방림면,서류,153.2,3675,2399,0.583960633,0.531568036
2001,감자,봉평면,서류,480.2,16807,3500,1.49423451,1.463807248
2001,감자,용평면,서류,418.7,13445,3211,1.629766237,1.326105174
2001,감자,진부면,서류,974.7,34114,3500,1.62144256,1.29243459
2001,감자,평창읍,서류,28,770,2500,0.07442452,0.191328406
2001,겉보리,대관령면,맥류,0,0,0,,
2001,겉보리,대화면,맥류,0,0,0,,
2001,겉보리,미탄면,맥류,0,0,0,,
2001,겉보리,방림면,맥류,0,0,0,,
2001,겉보리,봉평면,맥류,0,0,0,,
2001,겉보리,용평면,맥류,0,0,0,,
2001,겉보리,진부면,맥류,0,0,0,,
2001,겉보리,평창읍,맥류,0,0,0,,
2001,고구마,대관령면,서류,0,0,0,0,0
2001,고구마,대화면,서류,0,0,0,0,0
2001,고구마,미탄면,서류,0.8,10.8,1350,2.067930151,3.567833919
2001,고구마,방림면,서류,0,0,0,0,0
2001,고구마,봉평면,서류,0,0,0,0,0
2001,고구마,용평면,서류,0,0,0,0,0
2001,고구마,진부면,서류,0,0,0,0,0
2001,고구마,평창읍,서류,5,70,1400,6.26055033,18.71518157
2001,고추,대관령면,조미채류,2,48,240,0.025026095,0.170764051
2001,고추,대화면,조미채류,78,198,254,0.961797005,1.213191256
2001,고추,미탄면,조미채류,179,449,251,4.465318391,7.672864816
2001,고추,방림면,조미채류,87,220,253,1.50758592,1.771176343
2001,고추,봉평면,조미채류,26,68,261,0.36779682,0.329640234
2001,고추,용평면,조미채류,23,59,256,0.406994187,0.323896893
2001,고추,진부면,조미채류,40,102,255,0.302502249,0.215086774
2001,고추,평창읍,조미채류,166,418,251,2.005876159,5.780995321
2001,기타과실류,대관령면,과실류,0,0,0,0,0
2001,기타과실류,대화면,과실류,0,0,0,0,0
2001,기타과실류,미탄면,과실류,0.5,0,0,0.42835696,0
2001,기타과실류,방림면,과실류,0.5,0,0,0.297556367,0
2001,기타과실류,봉평면,과실류,0,0,0,0,0
2001,기타과실류,용평면,과실류,0,0,0,0,0
2001,기타과실류,진부면,과실류,0,0,0,0,0
2001,기타과실류,평창읍,과실류,16.5,168,1018.2,6.847253332,21.60266673
2001,기타두류,대관령면,두류,0,0,0,0,0
2001,기타두류,대화면,두류,1,0.9,90,1.122843823,1.325178141
2001,기타두류,미탄면,두류,0,0,0,0,0
2001,기타두류,방림면,두류,1.9,1.8,95,2.99810582,3.482405179
2001,기타두류,봉평면,두류,0,0,0,0,0
2001,기타두류,용평면,두류,0,0,0,0,0
2001,기타두류,진부면,두류,3.7,3.8,101.5,2.548008531,1.925594356
2001,기타두류,평창읍,두류,0,0,0,0,0
2001,기타잡곡,대관령면,잡곡,0,0,0,0,0
2001,기타잡곡,대화면,잡곡,1,0.9,90,1.453092006,0.957073102
2001,기타잡곡,미탄면,잡곡,0,0,0,0,0
2001,기타잡곡,방림면,잡곡,0,0,0,0,0
2001,기타잡곡,봉평면,잡곡,0,0,0,0,0
2001,기타잡곡,용평면,잡곡,0,0,0,0,0
2001,기타잡곡,진부면,잡곡,0.1,0.1,100,0.089119535,0.036597554
2001,기타잡곡,평창읍,잡곡,4,8,200,5.695873241,19.20237042
2001,녹두,대관령면,두류,0,0,0,0,0
2001,녹두,대화면,두류,0,0,0,0,0
2001,녹두,미탄면,두류,1,0.8,84,14.99249359,26.69268339
2001,녹두,방림면,두류,0,0,0,0,0
2001,녹두,봉평면,두류,0,0,0,0,0
2001,녹두,용평면,두류,0,0,0,0,0
2001,녹두,진부면,두류,0,0,0,0,0
2001,녹두,평창읍,두류,0,0,0,0,0
2001,논벼,대관령면,미곡,0,0,0,0,0
2001,논벼,대화면,미곡,235,1250,532,1.741530769,2.248761987
2001,논벼,미탄면,미곡,34,180,529,0.509744782,0.903135904
2001,논벼,방림면,미곡,100,532,532,1.041447285,1.257535204
2001,논벼,봉평면,미곡,103,548,532,0.87568179,0.77997603
2001,논벼,용평면,미곡,51,271,531,0.542381688,0.436810891
2001,논벼,진부면,미곡,31,165,532,0.140897985,0.102156705
2001,논벼,평창읍,미곡,446,2374,532,3.238958319,9.639986994
2001,당근,대관령면,근채류,240,10900,4541,3.35479924,2.545202134
2001,당근,대화면,근채류,2,28,140,0.027549328,0.01126063
2001,당근,미탄면,근채류,0,0,0,0,0
2001,당근,방림면,근채류,0,0,0,0,0
2001,당근,봉평면,근채류,5,180,3600,0.079012685,0.057272267
2001,당근,용평면,근채류,5,160,3200,0.098837686,0.057652125
2001,당근,진부면,근채류,286,12530,4381,2.416166433,1.734223932
2001,당근,평창읍,근채류,0,0,0,0,0
2001,딸기,대관령면,과채류,0,0,0,,
2001,딸기,대화면,과채류,0,0,0,,
2001,딸기,미탄면,과채류,0,0,0,,
2001,딸기,방림면,과채류,0,0,0,,
2001,딸기,봉평면,과채류,0,0,0,,
2001,딸기,용평면,과채류,0,0,0,,
2001,딸기,진부면,과채류,0,0,0,,
2001,딸기,평창읍,과채류,0,0,0,,
2001,마늘,대관령면,조미채류,0,0,700,0,0
2001,마늘,대화면,조미채류,2,14,700,2.030347734,2.622118087
2001,마늘,미탄면,조미채류,2.5,17.5,700,5.134415614,9.141329929
2001,마늘,방림면,조미채류,0.8,5.6,700,1.141312093,1.378120771
2001,마늘,봉평면,조미채류,0,0,700,0,0
2001,마늘,용평면,조미채류,0,0,700,0,0
2001,마늘,진부면,조미채류,0,0,700,0,0
2001,마늘,평창읍,조미채류,2,14,700,1.989654351,5.918538829
2001,메밀,대관령면,잡곡,0,0,0,0,0
2001,메밀,대화면,잡곡,1,0.9,90,0.457454891,0.033334589
2001,메밀,미탄면,잡곡,0,0,0,0,0
2001,메밀,방림면,잡곡,0.2,0.2,80,0.128573739,0.009733245
2001,메밀,봉평면,잡곡,4.1,243,101,2.151681253,7.120755834
2001,메밀,용평면,잡곡,2.4,2.9,120,1.575545936,0.096236825
2001,메밀,진부면,잡곡,2.2,1.9,87,0.6172353,0.024218969
2001,메밀,평창읍,잡곡,6.3,9.5,150,2.824203815,0.794215688
2001,무,대관령면,근채류,99,2574,2600,1.156077362,0.711656357
2001,무,대화면,근채류,95,2822,3006,1.093203536,1.343778443
2001,무,미탄면,근채류,68,2669,3925,1.58305833,3.544592864
2001,무,방림면,근채류,140,4809,3435,2.264015836,3.008849592
2001,무,봉평면,근채류,59,1736,2942,0.778888404,0.654014837
2001,무,용평면,근채류,52,1560,3000,0.858721465,0.665558061
2001,무,진부면,근채류,91,2492,2738,0.642241868,0.408383467
2001,무,평창읍,근채류,40,1437,3592,0.451070707,1.544506298
2001,배,대관령면,과실류,0,0,0,0,0
2001,배,대화면,과실류,0,0,0,0,0
2001,배,미탄면,과실류,3.3,52.7,1596.9,10.30733934,18.34034439
2001,배,방림면,과실류,0,0,0,0,0
2001,배,봉평면,과실류,0,0,0,0,0
2001,배,용평면,과실류,0,0,0,0,0
2001,배,진부면,과실류,0,0,0,0,0
2001,배,평창읍,과실류,1.5,24,1600,2.269449495,6.75963496
2001,배추,대관령면,엽채류,99,2574,2600,1.156077362,0.711656357
2001,배추,대화면,엽채류,95,2822,2970,1.093203536,1.343778443
2001,배추,미탄면,엽채류,68,2669,3925,1.58305833,3.544592864
2001,배추,방림면,엽채류,140,4809,3435,2.264015836,3.008849592
2001,배추,봉평면,엽채류,59,1736,2942,0.778888404,0.654014837
2001,배추,용평면,엽채류,52,1560,3000,0.858721465,0.665558061
2001,배추,진부면,엽채류,91,2492,2738,0.642241868,0.408383467
2001,배추,평창읍,엽채류,40,1437,3592,0.451070707,1.544506298
2001,복숭아,대관령면,과실류,0,0,0,0,0
2001,복숭아,대화면,과실류,0,0,0,0,0
2001,복숭아,미탄면,과실류,0,0,0,0,0
2001,복숭아,방림면,과실류,0,0,0,0,0
2001,복숭아,봉평면,과실류,0,0,0,0,0
2001,복숭아,용평면,과실류,0,0,0,0,0
2001,복숭아,진부면,과실류,0,0,0,0,0
2001,복숭아,평창읍,과실류,0.9,4.2,600,7.262238382,21.60266673
2001,사과,대관령면,과실류,0,0,0,0,0
2001,사과,대화면,과실류,0,0,0,0,0
2001,사과,미탄면,과실류,0,0,0,0,0
2001,사과,방림면,과실류,0,0,0,0,0
2001,사과,봉평면,과실류,0,0,0,0,0
2001,사과,용평면,과실류,0,0,0,0,0
2001,사과,진부면,과실류,0,0,0,0,0
2001,사과,평창읍,과실류,1.5,30,2000,7.262238382,21.60266673
2001,상추,대관령면,엽채류,3.9,121,3181,3.809004202,2.825170444
2001,상추,대화면,엽채류,2.2,0,3090,2.117362637,0
2001,상추,미탄면,엽채류,0,0,0,0,0
2001,상추,방림면,엽채류,0,0,0,0,0
2001,상추,봉평면,엽채류,0,68,0,0,2.163437163
2001,상추,용평면,엽채류,1.6,49,3062,2.209856637,1.76544797
2001,상추,진부면,엽채류,0,0,0,0,0
2001,상추,평창읍,엽채류,0,0,0,0,0
2001,생강,대관령면,조미채류,0,0,0,,
2001,생강,대화면,조미채류,0,0,0,,
2001,생강,미탄면,조미채류,0,0,0,,
2001,생강,방림면,조미채류,0,0,0,,
2001,생강,봉평면,조미채류,0,0,0,,
2001,생강,용평면,조미채류,0,0,0,,
2001,생강,진부면,조미채류,0,0,0,,
2001,생강,평창읍,조미채류,0,0,0,,
2001,수박,대관령면,과채류,0,0,0,0,0
2001,수박,대화면,과채류,0,0,0,0,0
2001,수박,미탄면,과채류,0,0,0,0,0
2001,수박,방림면,과채류,0,0,0,0,0
2001,수박,봉평면,과채류,0,0,0,0,0
2001,수박,용평면,과채류,0,0,0,0,0
2001,수박,진부면,과채류,0,0,0,0,0
2001,수박,평창읍,과채류,7.4,230,3108.1,7.262238382,21.60266673
2001,수수,대관령면,잡곡,0,0,0,0,0
2001,수수,대화면,잡곡,2.5,2.4,95,1.165215288,1.50129114
2001,수수,미탄면,잡곡,7.2,7.3,102,6.789053702,12.73572476
2001,수수,방림면,잡곡,0.2,0.2,87,0.130999658,0.164383687
2001,수수,봉평면,잡곡,0,0,0,0,0
2001,수수,용평면,잡곡,0,0,0,0,0
2001,수수,진부면,잡곡,0,0,0,0,0
2001,수수,평창읍,잡곡,6,5.4,90,2.740467314,7.624470609
2001,시금치,대관령면,엽채류,1.6,44.4,2775,5.231542003,3.795822138
2001,시금치,대화면,엽채류,0,0,0,0,0
2001,시금치,미탄면,엽채류,0,0,0,0,0
2001,시금치,방림면,엽채류,0,0,0,0,0
2001,시금치,봉평면,엽채류,0,0,0,0,0
2001,시금치,용평면,엽채류,0.3,8.8,2933,1.387165443,1.160927544
2001,시금치,진부면,엽채류,0.4,11.8,2950,0.79045153,0.597947721
2001,시금치,평창읍,엽채류,0,0,0,0,0
2001,양배추,대관령면,엽채류,50,2150,4300,0.756573605,0.562761925
2001,양배추,대화면,엽채류,164,6900,4207,2.445404736,3.110600284
2001,양배추,미탄면,엽채류,12,520,4333,0.361991797,0.653801006
2001,양배추,방림면,엽채류,26,1120,4307,0.544821517,0.66341942
2001,양배추,봉평면,엽채류,87,3730,4287,1.48823652,1.330366094
2001,양배추,용평면,엽채류,113,4870,7309,2.418003345,1.967047136
2001,양배추,진부면,엽채류,34,1460,4294,0.310932141,0.22651524
2001,양배추,평창읍,엽채류,11,480,4363,0.160733646,0.488425814
2001,양파,대관령면,조미채류,116,4524,3900,2.903993439,2.273433481
2001,양파,대화면,조미채류,1,36,3600,0.024669671,0.031158104
2001,양파,미탄면,조미채류,0,0,0,0,0
2001,양파,방림면,조미채류,3.3,69,2100,0.114406659,0.078468013
2001,양파,봉평면,조미채류,13.3,439,3300,0.3764097,0.300607813
2001,양파,용평면,조미채류,4.8,158,3300,0.169932385,0.122522627
2001,양파,진부면,조미채류,162,5832,3600,2.451083889,1.737142694
2001,양파,평창읍,조미채류,0,0,0,0,0
2001,오이,대관령면,과채류,0,0,0,0,0
2001,오이,대화면,과채류,0.3,11,3667,2.223230769,2.845352465
2001,오이,미탄면,과채류,0,0,0,0,0
2001,오이,방림면,과채류,0.2,7.4,3700,2.08289457,2.515070407
2001,오이,봉평면,과채류,0,0,0,0,0
2001,오이,용평면,과채류,0.5,18.6,3720,5.317467532,4.310692264
2001,오이,진부면,과채류,0,0,0,0,0
2001,오이,평창읍,과채류,0,0,0,0,0
2001,옥수수,대관령면,잡곡,2.7,16.7,620,0.036336654,0.029465316
2001,옥수수,대화면,잡곡,75,412.5,550,0.994645119,1.253508984
2001,옥수수,미탄면,잡곡,100,530.8,531,2.682980242,4.498643068
2001,옥수수,방림면,잡곡,41.2,229.9,558,0.767853045,0.917946796
2001,옥수수,봉평면,잡곡,70,287.7,411,1.065002768,0.691688538
2001,옥수수,용평면,잡곡,23.9,100.2,419,0.454858533,0.27281102
2001,옥수수,진부면,잡곡,40,211.2,52,0.325346908,0.220875154
2001,옥수수,평창읍,잡곡,206,1360.5,660,2.677203126,9.331775863
2001,자두,대관령면,과실류,0,0,0,,
2001,자두,대화면,과실류,0,0,0,,
2001,자두,미탄면,과실류,0,0,0,,
2001,자두,방림면,과실류,0,0,0,,
2001,자두,봉평면,과실류,0,0,0,,
2001,자두,용평면,과실류,0,0,0,,
2001,자두,진부면,과실류,0,0,0,,
2001,자두,평창읍,과실류,0,0,0,,
2001,조,대관령면,잡곡,0,0,0,0,0
2001,조,대화면,잡곡,3,3,100,4.940512821,6.525498421
2001,조,미탄면,잡곡,1.5,1.4,90,4.997497864,8.493126534
2001,조,방림면,잡곡,0,0,0,0,0
2001,조,봉평면,잡곡,0,0,0,0,0
2001,조,용평면,잡곡,0,0,0,0,0
2001,조,진부면,잡곡,0,0,0,0,0
2001,조,평창읍,잡곡,0,0,0,0,0
2001,콩,대관령면,두류,1.2,1.4,114,0.035982496,0.02402633
2001,콩,대화면,두류,45,54,120,1.329683474,1.596107087
2001,콩,미탄면,두류,47,54.5,116,2.809598081,4.492746278
2001,콩,방림면,두류,31.7,37.4,118,1.31634286,1.452495881
2001,콩,봉평면,두류,22.5,34.2,134,0.762718147,0.799763522
2001,콩,용평면,두류,12,20.5,170.8,0.508848568,0.542891218
2001,콩,진부면,두류,30.4,48.6,15.9,0.550920763,0.494372141
2001,콩,평창읍,두류,61,73.2,120,1.766333897,4.883617061
2001,토마토,대관령면,과채류,0,0,0,0,0
2001,토마토,대화면,과채류,0,0,0,0,0
2001,토마토,미탄면,과채류,0,0,0,0,0
2001,토마토,방림면,과채류,0.3,12.6,4200,1.249736742,0.272718478
2001,토마토,봉평면,과채류,0,0,0,0,0
2001,토마토,용평면,과채류,2,560,28000,8.507948052,8.265092046
2001,토마토,진부면,과채류,0,0,0,0,0
2001,토마토,평창읍,과채류,0.2,8.4,4200,0.580979071,0.312327712
2001,파,대관령면,조미채류,8.2,215,2621,5.226000115,3.866484036
2001,파,대화면,조미채류,0,0,0,0,0
2001,파,미탄면,조미채류,0.2,5.2,2600,0.254110061,0.449197261
2001,파,방림면,조미채류,0,0,0,0,0
2001,파,봉평면,조미채류,0,0,0,0,0
2001,파,용평면,조미채류,0,0,0,0,0
2001,파,진부면,조미채류,3.4,88.8,2611,1.309604018,0.946561967
2001,파,평창읍,조미채류,0,0,0,0,0
2001,팥,대관령면,두류,0.2,0,60,0.005114139,0
2001,팥,대화면,두류,95,98.8,10,2.393822091,2.834497076
2001,팥,미탄면,두류,14.9,17.6,118,0.759565299,1.408247085
2001,팥,방림면,두류,58.9,54.2,92,2.085727476,2.043117747
2001,팥,봉평면,두류,34,33.3,98,0.982863,0.755841131
2001,팥,용평면,두류,6.3,6,96,0.227813978,0.154227212
2001,팥,진부면,두류,11.8,14.2,120.3,0.182360205,0.140202858
2001,팥,평창읍,두류,73,109.5,150,1.802595722,7.090803377
2001,포도,대관령면,과실류,0,0,0,0,0
2001,포도,대화면,과실류,0,0,0,0,0
2001,포도,미탄면,과실류,0,0,0,0,0
2001,포도,방림면,과실류,0,0,0,0,0
2001,포도,봉평면,과실류,0.1,1.2,0,0.157440092,0.172091593
2001,포도,용평면,과실류,0,0,0,0,0
2001,포도,진부면,과실류,0,0,0,0,0
2001,포도,평창읍,과실류,5.3,51.6,973.6,7.127752486,21.11169703
2001,호박,대관령면,과채류,0,0,0,0,0
2001,호박,대화면,과채류,1,20.8,2080,2.179638009,2.795943893
2001,호박,미탄면,과채류,0,0,0,0,0
2001,호박,방림면,과채류,0.9,18.8,2089,2.756772224,3.320458122
2001,호박,봉평면,과채류,0,0,0,0,0
2001,호박,용평면,과채류,1.5,31.6,2160,4.691883117,3.805773072
2001,호박,진부면,과채류,0,0,0,0,0
2001,호박,평창읍,과채류,0,0,0,0,0
2002,감자,대관령면,서류,373,9717,2605,1.230745689,0.854194989
2002,감자,대화면,서류,190.9,4944,2590,0.553997502,0.483070892
2002,감자,미탄면,서류,17.3,384.1,2220,0.081169054,0.072475976
2002,감자,방림면,서류,123.1,2191,1780,0.363466914,0.193621467
2002,감자,봉평면,서류,496.9,17392,3500,1.53937739,1.587115642
2002,감자,용평면,서류,432,15172,3512,1.660975625,1.526594469
2002,감자,진부면,서류,1025.6,33394,3256,1.864174698,1.664688256
2002,감자,평창읍,서류,26,650,2500,0.073804278,0.139441412
2002,겉보리,대관령면,맥류,0,0,0,,
2002,겉보리,대화면,맥류,0,0,0,,
2002,겉보리,미탄면,맥류,0,0,0,,
2002,겉보리,방림면,맥류,0,0,0,,
2002,겉보리,봉평면,맥류,0,0,0,,
2002,겉보리,용평면,맥류,0,0,0,,
2002,겉보리,진부면,맥류,0,0,0,,
2002,겉보리,평창읍,맥류,0,0,0,,
2002,고구마,대관령면,서류,0,0,0,0,0
2002,고구마,대화면,서류,0,0,1300,0,0
2002,고구마,미탄면,서류,2.3,28.8,1253,4.080616758,4.726478927
2002,고구마,방림면,서류,0.8,11.6,1450,0.893203483,0.891588775
2002,고구마,봉평면,서류,0,0,0,0,0
2002,고구마,용평면,서류,0,0,0,0,0
2002,고구마,진부면,서류,0,0,0,0,0
2002,고구마,평창읍,서류,4,56,1400,4.293601862,10.44869169
2002,고추,대관령면,조미채류,3,72,0,0.045663553,0.331672785
2002,고추,대화면,조미채류,71,185,0,0.950493565,0.947232653
2002,고추,미탄면,조미채류,176,471,0,3.809307262,4.657181854
2002,고추,방림면,조미채류,87,225,0,1.18499096,1.041948305
2002,고추,봉평면,조미채류,24,67,0,0.342985929,0.320395474
2002,고추,용평면,조미채류,25,65,0,0.443413055,0.342725747
2002,고추,진부면,조미채류,37,95,0,0.31024106,0.248165041
2002,고추,평창읍,조미채류,159,420,0,2.082064923,4.72150256
2002,기타과실류,대관령면,과실류,0,0,0,,
2002,기타과실류,대화면,과실류,0,0,0,,
2002,기타과실류,미탄면,과실류,0,0,0,,
2002,기타과실류,방림면,과실류,0,0,0,,
2002,기타과실류,봉평면,과실류,0,0,0,,
2002,기타과실류,용평면,과실류,0,0,0,,
2002,기타과실류,진부면,과실류,0,0,0,,
2002,기타과실류,평창읍,과실류,0,0,0,,
2002,기타두류,대관령면,두류,0,0,0,0,0
2002,기타두류,대화면,두류,0,0,0,0,0
2002,기타두류,미탄면,두류,6.5,6.6,101,9.199827229,12.28421141
2002,기타두류,방림면,두류,0,0,0,0,0
2002,기타두류,봉평면,두류,0,0,0,0,0
2002,기타두류,용평면,두류,1,0.5,50,1.15984898,0.496254476
2002,기타두류,진부면,두류,1.4,1.4,97,0.767641711,0.688408288
2002,기타두류,평창읍,두류,0,0,0,0,0
2002,기타잡곡,대관령면,잡곡,0,0,0,0,0
2002,기타잡곡,대화면,잡곡,0.7,0.7,98,1.268362523,1.102807246
2002,기타잡곡,미탄면,잡곡,1.5,1.5,97,4.39419297,4.56362749
2002,기타잡곡,방림면,잡곡,0,0,0,0,0
2002,기타잡곡,봉평면,잡곡,0,0,0,0,0
2002,기타잡곡,용평면,잡곡,0.1,0,30,0.240061766,0
2002,기타잡곡,진부면,잡곡,0,0,0,0,0
2002,기타잡곡,평창읍,잡곡,2,3,150,3.544717816,10.3769287
2002,녹두,대관령면,두류,0,0,0,0,0
2002,녹두,대화면,두류,0,0,0,0,0
2002,녹두,미탄면,두류,2.2,1.8,81,12.59668651,15.8205753
2002,녹두,방림면,두류,0,0,0,0,0
2002,녹두,봉평면,두류,0,0,0,0,0
2002,녹두,용평면,두류,0,0,0,0,0
2002,녹두,진부면,두류,0,0,0,0,0
2002,녹두,평창읍,두류,0,0,0,0,0
2002,논벼,대관령면,미곡,0,0,0,0,0
2002,논벼,대화면,미곡,230,1133,493,1.828586787,1.917342689
2002,논벼,미탄면,미곡,33,165,500,0.424174138,0.539226384
2002,논벼,방림면,미곡,98,479,489,0.792718091,0.733135193
2002,논벼,봉평면,미곡,101,489,484,0.857202332,0.772868005
2002,논벼,용평면,미곡,50,242,484,0.526666118,0.42172917
2002,논벼,진부면,미곡,31,150,484,0.154367601,0.129506974
2002,논벼,평창읍,미곡,437,2183,500,3.39840778,8.110909857
2002,당근,대관령면,근채류,198,6293,0,3.212506227,2.731279964
2002,당근,대화면,근채류,2,62,0,0.028539816,0.029909405
2002,당근,미탄면,근채류,0,0,0,0,0
2002,당근,방림면,근채류,0,0,0,0,0
2002,당근,봉평면,근채류,5,140,0,0.076166747,0.06307696
2002,당근,용평면,근채류,9,277,0,0.170153669,0.137608193
2002,당근,진부면,근채류,332,10210,0,2.967330886,2.512892358
2002,당근,평창읍,근채류,0,0,0,0,0
2002,딸기,대관령면,과채류,0,0,0,,
2002,딸기,대화면,과채류,0,0,0,,
2002,딸기,미탄면,과채류,0,0,0,,
2002,딸기,방림면,과채류,0,0,0,,
2002,딸기,봉평면,과채류,0,0,0,,
2002,딸기,용평면,과채류,0,0,0,,
2002,딸기,진부면,과채류,0,0,0,,
2002,딸기,평창읍,과채류,0,0,0,,
2002,마늘,대관령면,조미채류,0,0,700,0,0
2002,마늘,대화면,조미채류,1.5,10.5,700,2.291579349,2.409494824
2002,마늘,미탄면,조미채류,2.1,14.7,700,5.186870917,6.514354535
2002,마늘,방림면,조미채류,0.6,4.2,700,0.932609519,0.871695314
2002,마늘,봉평면,조미채류,0,0,700,0,0
2002,마늘,용평면,조미채류,0.1,0.7,700,0.202405018,0.165418159
2002,마늘,진부면,조미채류,0,0,700,0,0
2002,마늘,평창읍,조미채류,0.8,5.6,700,1.19547346,2.821439438
2002,메밀,대관령면,잡곡,0,0,0,0,0
2002,메밀,대화면,잡곡,0.2,0.2,96,0.04978511,0.048034491
2002,메밀,미탄면,잡곡,0.1,0.01,101,0.040245005,0.004638105
2002,메밀,방림면,잡곡,0,0,0,0,0
2002,메밀,봉평면,잡곡,26,29,110,6.909029648,6.505007937
2002,메밀,용평면,잡곡,2,1.6,79,0.659594627,0.395723299
2002,메밀,진부면,잡곡,3,3.3,109,0.467732398,0.404360943
2002,메밀,평창읍,잡곡,0,0,0,0,0
2002,무,대관령면,근채류,0,0,0,0,0
2002,무,대화면,근채류,103,3474,0,1.378885031,1.451818041
2002,무,미탄면,근채류,72,2709,0,1.558352971,2.186294878
2002,무,방림면,근채류,149,5557,0,2.029467277,2.100397505
2002,무,봉평면,근채류,67,2204,0,0.957502384,0.860241921
2002,무,용평면,근채류,52,1615,0,0.922299154,0.69502967
2002,무,진부면,근채류,89,2581,0,0.746255522,0.550303715
2002,무,평창읍,근채류,50,1463,0,0.654737397,1.342371453
2002,배,대관령면,과실류,0,0,0,,
2002,배,대화면,과실류,0,0,0,,
2002,배,미탄면,과실류,0,0,0,,
2002,배,방림면,과실류,0,0,0,,
2002,배,봉평면,과실류,0,0,0,,
2002,배,용평면,과실류,0,0,0,,
2002,배,진부면,과실류,0,0,0,,
2002,배,평창읍,과실류,0,0,0,,
2002,배추,대관령면,엽채류,392,15288,0,1.352267088,1.054792335
2002,배추,대화면,엽채류,391,16556,0,1.186302798,1.26963621
2002,배추,미탄면,엽채류,265,11598,0,1.299891716,1.717609147
2002,배추,방림면,엽채류,564,25066,0,1.741016368,1.73855182
2002,배추,봉평면,엽채류,252,10081,0,0.816194318,0.722028158
2002,배추,용평면,엽채류,213,8349,0,0.856201601,0.659335996
2002,배추,진부면,엽채류,312,12194,0,0.592898171,0.477092005
2002,배추,평창읍,엽채류,179,7695,0,0.531224553,1.295622596
2002,복숭아,대관령면,과실류,0,0,0,,
2002,복숭아,대화면,과실류,0,0,0,,
2002,복숭아,미탄면,과실류,0,0,0,,
2002,복숭아,방림면,과실류,0,0,0,,
2002,복숭아,봉평면,과실류,0,0,0,,
2002,복숭아,용평면,과실류,0,0,0,,
2002,복숭아,진부면,과실류,0,0,0,,
2002,복숭아,평창읍,과실류,0,0,0,,
2002,사과,대관령면,과실류,0,0,0,,
2002,사과,대화면,과실류,0,0,0,,
2002,사과,미탄면,과실류,0,0,0,,
2002,사과,방림면,과실류,0,0,0,,
2002,사과,봉평면,과실류,0,0,0,,
2002,사과,용평면,과실류,0,0,0,,
2002,사과,진부면,과실류,0,0,0,,
2002,사과,평창읍,과실류,0,0,0,,
2002,상추,대관령면,엽채류,17,527,0,5.792246075,4.748480242
2002,상추,대화면,엽채류,1,44,0,0.299668069,0.440660667
2002,상추,미탄면,엽채류,0,0,0,0,0
2002,상추,방림면,엽채류,7,220,0,2.134241014,1.992750901
2002,상추,봉평면,엽채류,0,0,0,0,0
2002,상추,용평면,엽채류,0,9,0,0,0.092820214
2002,상추,진부면,엽채류,1,18,0,0.187692616,0.091972117
2002,상추,평창읍,엽채류,0,0,0,0,0
2002,생강,대관령면,조미채류,0,0,0,,
2002,생강,대화면,조미채류,0,0,0,,
2002,생강,미탄면,조미채류,0,0,0,,
2002,생강,방림면,조미채류,0,0,0,,
2002,생강,봉평면,조미채류,0,0,0,,
2002,생강,용평면,조미채류,0,0,0,,
2002,생강,진부면,조미채류,0,0,0,,
2002,생강,평창읍,조미채류,0,0,0,,
2002,수박,대관령면,과채류,0,0,0,0,0
2002,수박,대화면,과채류,0,0,0,0,0
2002,수박,미탄면,과채류,0,0,0,0,0
2002,수박,방림면,과채류,0,0,0,0,0
2002,수박,봉평면,과채류,0,0,0,0,0
2002,수박,용평면,과채류,0,0,0,0,0
2002,수박,진부면,과채류,0,0,0,0,0
2002,수박,평창읍,과채류,7.5,240,3200,7.621143305,17.98667642
2002,수수,대관령면,잡곡,0,0,0,0,0
2002,수수,대화면,잡곡,2.5,2,88,0.854316863,0.81922824
2002,수수,미탄면,잡곡,6.7,6.2,92,3.701657879,4.904378343
2002,수수,방림면,잡곡,3.3,3,92,1.147355131,1.111411525
2002,수수,봉평면,잡곡,0,0,0,0,0
2002,수수,용평면,잡곡,0.1,0.1,49,0.045274807,0.04218163
2002,수수,진부면,잡곡,0.2,0.2,96,0.042807088,0.041796217
2002,수수,평창읍,잡곡,10,8.5,85,3.342606713,7.644337478
2002,시금치,대관령면,엽채류,1.4,39,17,8.268147339,6.844041595
2002,시금치,대화면,엽채류,0.1,3,0,0.519424652,0.585163029
2002,시금치,미탄면,엽채류,0,0,0,0,0
2002,시금치,방림면,엽채류,0,0,0,0,0
2002,시금치,봉평면,엽채류,0,0,0,0,0
2002,시금치,용평면,엽채류,0,0,0,0,0
2002,시금치,진부면,엽채류,0,0,1,0,0
2002,시금치,평창읍,엽채류,0,0,0,0,0
2002,양배추,대관령면,엽채류,37,1620,0,0.682860383,0.579678622
2002,양배추,대화면,엽채류,136,5730,0,2.207554773,2.278948352
2002,양배추,미탄면,엽채류,20,870,0,0.524861938,0.668215385
2002,양배추,방림면,엽채류,35,1510,0,0.578023608,0.543169694
2002,양배추,봉평면,엽채류,88,3780,0,1.524858274,1.404100837
2002,양배추,용평면,엽채류,119,5140,0,2.559158446,2.105190605
2002,양배추,진부면,엽채류,35,1510,0,0.355833918,0.306400079
2002,양배추,평창읍,엽채류,10,438,0,0.158773819,0.382472292
2002,양파,대관령면,조미채류,35.4,1593,0,3.469015674,2.575958005
2002,양파,대화면,조미채류,0,0,0,0,0
2002,양파,미탄면,조미채류,0,0,0,0,0
2002,양파,방림면,조미채류,0.2,9,0,0.017538011,0.014630253
2002,양파,봉평면,조미채류,1.7,80,0,0.156411448,0.134291096
2002,양파,용평면,조미채류,0,0,0,0,0
2002,양파,진부면,조미채류,52.4,2830,0,2.828677217,2.595070106
2002,양파,평창읍,조미채류,0.7,46,0,0.059013278,0.181524159
2002,오이,대관령면,과채류,0,0,0,0,0
2002,오이,대화면,과채류,0.2,8,4000,0.338755208,0.368192467
2002,오이,미탄면,과채류,0,0,0,0,0
2002,오이,방림면,과채류,4,155,3875,6.893200789,6.452014472
2002,오이,봉평면,과채류,0,0,0,0,0
2002,오이,용평면,과채류,0.2,8,4000,0.448811127,0.379160723
2002,오이,진부면,과채류,0.2,7,3500,0.212174262,0.164367147
2002,오이,평창읍,과채류,0,0,0,0,0
2002,옥수수,대관령면,잡곡,1,5.6,564,0.01432061,0.012796018
2002,옥수수,대화면,잡곡,84.2,413,482,1.060512991,1.048925047
2002,옥수수,미탄면,잡곡,101.4,536.8,525,2.064830282,2.632838796
2002,옥수수,방림면,잡곡,70.9,391.2,555,0.908563088,0.898611501
2002,옥수수,봉평면,잡곡,39.9,188,500,0.536476899,0.445942528
2002,옥수수,용평면,잡곡,15,7,455,0.250306885,0.018307999
2002,옥수수,진부면,잡곡,32.2,178,539,0.25401917,0.230646289
2002,옥수수,평창읍,잡곡,274,1506,550,3.375676149,8.397797211
2002,자두,대관령면,과실류,0,0,0,,
2002,자두,대화면,과실류,0,0,0,,
2002,자두,미탄면,과실류,0,0,0,,
2002,자두,방림면,과실류,0,0,0,,
2002,자두,봉평면,과실류,0,0,0,,
2002,자두,용평면,과실류,0,0,0,,
2002,자두,진부면,과실류,0,0,0,,
2002,자두,평창읍,과실류,0,0,0,,
2002,조,대관령면,잡곡,0,0,0,0,0
2002,조,대화면,잡곡,0.2,0.2,94,1.947842447,2.642671742
2002,조,미탄면,잡곡,0.5,0.4,87,7.872929071,10.20682277
2002,조,방림면,잡곡,0,0,0,0,0
2002,조,봉평면,잡곡,0,0,0,0,0
2002,조,용평면,잡곡,0.1,0.02,20,1.29033199,0.272139551
2002,조,진부면,잡곡,0,0,0,0,0
2002,조,평창읍,잡곡,0,0,0,0,0
2002,콩,대관령면,두류,0.8,0.8,102,0.034503327,0.025005959
2002,콩,대화면,두류,17,2.5,148,0.644855338,0.08685626
2002,콩,미탄면,두류,43.5,48.3,111,2.667750065,3.240601302
2002,콩,방림면,두류,51.6,74.8,145,1.991443694,2.350398136
2002,콩,봉평면,두류,19.5,27,140,0.789627415,0.876095633
2002,콩,용평면,두류,14,15.4,110,0.703589011,0.55097295
2002,콩,진부면,두류,11,14,127,0.261344149,0.248153963
2002,콩,평창읍,두류,48,53,110,1.780987725,4.042806828
2002,토마토,대관령면,과채류,0,0,0,0,0
2002,토마토,대화면,과채류,0.1,4,0,0.268667924,0.054797876
2002,토마토,미탄면,과채류,0,0,0,0,0
2002,토마토,방림면,과채류,0.8,34,0,2.186808526,0.421270812
2002,토마토,봉평면,과채류,0,0,0,0,0
2002,토마토,용평면,과채류,2,560,0,7.119073047,7.900238474
2002,토마토,진부면,과채류,0,0,0,0,0
2002,토마토,평창읍,과채류,0,0,0,0,0
2002,파,대관령면,조미채류,40,1050,0,4.21844252,3.47197472
2002,파,대화면,조미채류,0,0,0,0,0
2002,파,미탄면,조미채류,0,0,0,0,0
2002,파,방림면,조미채류,0,0,0,0,0
2002,파,봉평면,조미채류,13,364,0,1.287218024,1.249461468
2002,파,용평면,조미채류,6,162,0,0.737332566,0.6131381
2002,파,진부면,조미채류,25,653,0,1.45238334,1.224447286
2002,파,평창읍,조미채류,0,0,0,0,0
2002,팥,대관령면,두류,0,0,0,0,0
2002,팥,대화면,두류,17.5,1.5,85,0.743451315,0.06990002
2002,팥,미탄면,두류,22.5,25.2,112,1.545395019,2.267795777
2002,팥,방림면,두류,30,34.5,115,1.296703529,1.454065135
2002,팥,봉평면,두류,36.1,36,100,1.637178062,1.566805843
2002,팥,용평면,두류,2,2.5,125,0.112569857,0.119970507
2002,팥,진부면,두류,6.3,7.1,113,0.167633863,0.168801561
2002,팥,평창읍,두류,69,69,100,2.867278561,7.059617024
2002,포도,대관령면,과실류,0,0,0,,
2002,포도,대화면,과실류,0,0,0,,
2002,포도,미탄면,과실류,0,0,0,,
2002,포도,방림면,과실류,0,0,0,,
2002,포도,봉평면,과실류,0,0,0,,
2002,포도,용평면,과실류,0,0,0,,
2002,포도,진부면,과실류,0,0,0,,
2002,포도,평창읍,과실류,0,0,0,,
2002,호박,대관령면,과채류,0,0,0,0,0
2002,호박,대화면,과채류,0,0,0,0,0
2002,호박,미탄면,과채류,0,0,0,0,0
2002,호박,방림면,과채류,2.4,50,0,7.317397761,6.797624007
2002,호박,봉평면,과채류,0,0,0,0,0
2002,호박,용평면,과채류,0.2,4.5,0,0.794050455,0.696577383
2002,호박,진부면,과채류,0,0,0,0,0
2002,호박,평창읍,과채류,0,0,0,0,0
2003,감자,대관령면,서류,429,10075,2530,1.450300271,1.114721349
2003,감자,대화면,서류,141,3384,2400,0.529191796,0.505897102
2003,감자,미탄면,서류,22,518,2400,0.170505369,0.296789552
2003,감자,방림면,서류,91,2239,2460,0.232911391,0.189920359
2003,감자,봉평면,서류,368,9178,2496,1.341926665,1.508056382
2003,감자,용평면,서류,348,8536,2450,1.711139313,1.718252436
2003,감자,진부면,서류,940,22185,2360,1.856873254,1.587522073
2003,감자,평창읍,서류,38,912,2400,0.122112973,0.333231436
2003,겉보리,대관령면,맥류,0,0,0,,
2003,겉보리,대화면,맥류,0,0,0,,
2003,겉보리,미탄면,맥류,0,0,0,,
2003,겉보리,방림면,맥류,0,0,0,,
2003,겉보리,봉평면,맥류,0,0,0,,
2003,겉보리,용평면,맥류,0,0,0,,
2003,겉보리,진부면,맥류,0,0,0,,
2003,겉보리,평창읍,맥류,0,0,0,,
2003,고구마,대관령면,서류,0,0,0,0,0
2003,고구마,대화면,서류,0,0,0,0,0
2003,고구마,미탄면,서류,5,71,1345,7.675970874,13.97492978
2003,고구마,방림면,서류,2,27,1355,1.013975047,0.786780578
2003,고구마,봉평면,서류,0,0,0,0,0
2003,고구마,용평면,서류,0,0,0,0,0
2003,고구마,진부면,서류,0,0,0,0,0
2003,고구마,평창읍,서류,5,68,1352,3.182703247,8.53556897
2003,고추,대관령면,조미채류,2,8,400,0.040822011,0.063492825
2003,고추,대화면,조미채류,63.9,128,200.3,1.447966838,1.372635428
2003,고추,미탄면,조미채류,97,194,200,4.538902767,7.973224175
2003,고추,방림면,조미채류,81,162,200,1.25169386,0.985702461
2003,고추,봉평면,조미채류,5.6,11,196.4,0.123291393,0.129650921
2003,고추,용평면,조미채류,24.7,49,198.4,0.733274944,0.707525405
2003,고추,진부면,조미채류,38,80,210.5,0.453212386,0.410642337
2003,고추,평창읍,조미채류,81.5,163,200,1.58124652,4.272205423
2003,기타과실류,대관령면,과실류,0,0,0,,
2003,기타과실류,대화면,과실류,0,0,0,,
2003,기타과실류,미탄면,과실류,0,0,0,,
2003,기타과실류,방림면,과실류,0,0,0,,
2003,기타과실류,봉평면,과실류,0,0,0,,
2003,기타과실류,용평면,과실류,0,0,0,,
2003,기타과실류,진부면,과실류,0,0,0,,
2003,기타과실류,평창읍,과실류,0,0,0,,
2003,기타두류,대관령면,두류,0.3,0.3,100,0.111608513,0.105747477
2003,기타두류,대화면,두류,0,0,0,0,0
2003,기타두류,미탄면,두류,2.1,1.7,81,1.791059871,3.103096375
2003,기타두류,방림면,두류,15,12.5,83.3,4.224896029,3.377963378
2003,기타두류,봉평면,두류,0,0,0,0,0
2003,기타두류,용평면,두류,0.5,0.4,80,0.270552506,0.256519301
2003,기타두류,진부면,두류,2.7,2.2,81.5,0.586939857,0.501545704
2003,기타두류,평창읍,두류,1,0.8,80,0.353633694,0.931254978
2003,기타잡곡,대관령면,잡곡,0,0,0,0,0
2003,기타잡곡,대화면,잡곡,0,0,0,0,0
2003,기타잡곡,미탄면,잡곡,1,1,100,1.151395631,2.513367652
2003,기타잡곡,방림면,잡곡,12,10,83.3,4.562887712,3.720956582
2003,기타잡곡,봉평면,잡곡,0,0,0,0,0
2003,기타잡곡,용평면,잡곡,0,0,0,0,0
2003,기타잡곡,진부면,잡곡,0,0,0,0,0
2003,기타잡곡,평창읍,잡곡,3,2,66.7,1.432216461,3.205666174
2003,녹두,대관령면,두류,0,0,0,0,0
2003,녹두,대화면,두류,0,0,0,0,0
2003,녹두,미탄면,두류,0.1,0.1,100,1.674757282,4.084222435
2003,녹두,방림면,두류,0,0,0,0,0
2003,녹두,봉평면,두류,0,0,0,0,0
2003,녹두,용평면,두류,0,0,0,0,0
2003,녹두,진부면,두류,0,0,0,0,0
2003,녹두,평창읍,두류,1,0.7,70,6.944079811,18.23222637
2003,논벼,대관령면,미곡,0,0,0,0,0
2003,논벼,대화면,미곡,228,1042,457,2.101273879,2.006191886
2003,논벼,미탄면,미곡,32,149,466,0.609002648,1.099456446
2003,논벼,방림면,미곡,97,437,451,0.609642022,0.477388309
2003,논벼,봉평면,미곡,98,433,442,0.87752776,0.91628449
2003,논벼,용평면,미곡,49,217,443,0.591637958,0.562555285
2003,논벼,진부면,미곡,29,127,438,0.140671536,0.117040717
2003,논벼,평창읍,미곡,435,2023,465,3.432584907,9.519626774
2003,당근,대관령면,근채류,132.4,4236,3199.4,2.999553514,2.26696041
2003,당근,대화면,근채류,0.5,16,3200,0.012575695,0.011569605
2003,당근,미탄면,근채류,0,0,0,0,0
2003,당근,방림면,근채류,0,0,0,0,0
2003,당근,봉평면,근채류,0.2,5,2500,0.004887412,0.003973802
2003,당근,용평면,근채류,1.6,53,3312.5,0.05272227,0.051603024
2003,당근,진부면,근채류,220,7480,3400,2.912360158,2.588979773
2003,당근,평창읍,근채류,0,0,0,0,0
2003,딸기,대관령면,과채류,3.3,9.9,300,8.035812926,6.309599443
2003,딸기,대화면,과채류,0,0,0,0,0
2003,딸기,미탄면,과채류,0,0,0,0,0
2003,딸기,방림면,과채류,0,0,0,0,0
2003,딸기,봉평면,과채류,0,0,0,0,0
2003,딸기,용평면,과채류,0,0,0,0,0
2003,딸기,진부면,과채류,0,0,0,0,0
2003,딸기,평창읍,과채류,0,0,0,0,0
2003,마늘,대관령면,조미채류,0,0,700,0,0
2003,마늘,대화면,조미채류,0.5,3.5,700,0.325591163,0.311144265
2003,마늘,미탄면,조미채류,0.7,4.9,700,0.941286939,1.669463185
2003,마늘,방림면,조미채류,1.4,9.8,700,0.621707328,0.49431686
2003,마늘,봉평면,조미채류,0,0,700,0,0
2003,마늘,용평면,조미채류,0,0,700,0,0
2003,마늘,진부면,조미채류,0,0,700,0,0
2003,마늘,평창읍,조미채류,11.1,77.7,700,6.188847773,16.88239522
2003,메밀,대관령면,잡곡,0,0,0,0,0
2003,메밀,대화면,잡곡,0,0,0,0,0
2003,메밀,미탄면,잡곡,0,0,0,0,0
2003,메밀,방림면,잡곡,15,12,80,2.172803672,1.612414519
2003,메밀,봉평면,잡곡,23,21,91.3,4.746666194,5.465964981
2003,메밀,용평면,잡곡,3,2,66.7,0.834847731,0.637735484
2003,메밀,진부면,잡곡,0,0,0,0,0
2003,메밀,평창읍,잡곡,1,1,100,0.181868757,0.578800837
2003,무,대관령면,근채류,57,5889,10331.6,0.840905704,1.295263747
2003,무,대화면,근채류,98.7,2968,3007.1,1.616526951,0.882045779
2003,무,미탄면,근채류,45.1,1415,3137.5,1.5253297,1.611649805
2003,무,방림면,근채류,101.2,2960,2924.9,1.130320633,0.499119494
2003,무,봉평면,근채류,82.5,2933,3555.2,1.312824639,0.958025305
2003,무,용평면,근채류,58.2,1931,3317.9,1.24882308,0.772698782
2003,무,진부면,근채류,72,9568,13288.9,0.620667078,1.361058832
2003,무,평창읍,근채류,30,1023,3410,0.420698795,0.743057037
2003,배,대관령면,과실류,0,0,0,0,0
2003,배,대화면,과실류,0,0,0,0,0
2003,배,미탄면,과실류,4.3,86,2000,18.4223301,32.67377948
2003,배,방림면,과실류,0,0,0,0,0
2003,배,봉평면,과실류,0,0,0,0,0
2003,배,용평면,과실류,0,0,0,0,0
2003,배,진부면,과실류,0,0,0,0,0
2003,배,평창읍,과실류,0,0,0,0,0
2003,배추,대관령면,엽채류,367,14313,3900,1.39584596,0.904576474
2003,배추,대화면,엽채류,89,11945,13421.3,0.375798282,1.020026241
2003,배추,미탄면,엽채류,84.9,3399,4003.5,0.740276328,1.112406111
2003,배추,방림면,엽채류,828.2,40392,4877.1,2.384818631,1.957069011
2003,배추,봉평면,엽채류,183.6,7324,3989.1,0.753224494,0.687402669
2003,배추,용평면,엽채류,144,5616,3900,0.796598365,0.645733048
2003,배추,진부면,엽채류,329,12831,3900,0.731174604,0.524462206
2003,배추,평창읍,엽채류,87.1,4016,4610.8,0.314896008,0.838181716
2003,복숭아,대관령면,과실류,0,0,0,0,0
2003,복숭아,대화면,과실류,0,0,0,0,0
2003,복숭아,미탄면,과실류,0,0,0,0,0
2003,복숭아,방림면,과실류,1.7,24,1445.8,4.701157036,4.681203442
2003,복숭아,봉평면,과실류,0,0,0,0,0
2003,복숭아,용평면,과실류,0,0,0,0,0
2003,복숭아,진부면,과실류,0,0,0,0,0
2003,복숭아,평창읍,과실류,0.5,0.8,150,1.736019953,0.672155811
2003,사과,대관령면,과실류,0,0,0,0,0
2003,사과,대화면,과실류,0,0,0,0,0
2003,사과,미탄면,과실류,0.6,9,1500,5.024271845,8.911030767
2003,사과,방림면,과실류,0,0,0,0,0
2003,사과,봉평면,과실류,0,0,0,0,0
2003,사과,용평면,과실류,0,0,0,0,0
2003,사과,진부면,과실류,0,0,0,0,0
2003,사과,평창읍,과실류,1.6,24,1500,5.555263849,15.15405828
2003,상추,대관령면,엽채류,0.9,31,3444.4,0.478955737,0.385034612
2003,상추,대화면,엽채류,3.3,124,3757.6,1.949665761,2.080991641
2003,상추,미탄면,엽채류,0,0,0,0,0
2003,상추,방림면,엽채류,5.1,154,3019.6,2.05481036,1.46640848
2003,상추,봉평면,엽채류,1.1,47,4272.7,0.631430977,0.866930329
2003,상추,용평면,엽채류,3.7,118,3189.2,2.863914734,2.666437339
2003,상추,진부면,엽채류,1,34,3400,0.310961514,0.273121614
2003,상추,평창읍,엽채류,0,0,0,0,0
2003,생강,대관령면,조미채류,0,0,0,,
2003,생강,대화면,조미채류,0,0,0,,
2003,생강,미탄면,조미채류,0,0,0,,
2003,생강,방림면,조미채류,0,0,0,,
2003,생강,봉평면,조미채류,0,0,0,,
2003,생강,용평면,조미채류,0,0,0,,
2003,생강,진부면,조미채류,0,0,0,,
2003,생강,평창읍,조미채류,0,0,0,,
2003,수박,대관령면,과채류,0,0,0,0,0
2003,수박,대화면,과채류,0,0,0,0,0
2003,수박,미탄면,과채류,0,0,0,0,0
2003,수박,방림면,과채류,0,0,0,0,0
2003,수박,봉평면,과채류,0,0,0,0,0
2003,수박,용평면,과채류,0,0,0,0,0
2003,수박,진부면,과채류,0,0,0,0,0
2003,수박,평창읍,과채류,18.8,658,3500,7.638487792,20.83683013
2003,수수,대관령면,잡곡,0,0,0,0,0
2003,수수,대화면,잡곡,5,4,80,1.784239575,1.70507057
2003,수수,미탄면,잡곡,2,2,100,1.473786408,3.267377948
2003,수수,방림면,잡곡,3,3,100,0.730062034,0.725586533
2003,수수,봉평면,잡곡,0,0,0,0,0
2003,수수,용평면,잡곡,0,0,0,0,0
2003,수수,진부면,잡곡,0,0,0,0,0
2003,수수,평창읍,잡곡,15,11,73.3,4.583092675,11.46025657
2003,시금치,대관령면,엽채류,0.7,10,1428.6,6.25007672,4.853538033
2003,시금치,대화면,엽채류,0,0,0,0,0
2003,시금치,미탄면,엽채류,0,0,0,0,0
2003,시금치,방림면,엽채류,0,0,0,0,0
2003,시금치,봉평면,엽채류,0,0,0,0,0
2003,시금치,용평면,엽채류,0.2,3,1500,2.597304053,2.649055088
2003,시금치,진부면,엽채류,0,0,0,0,0
2003,시금치,평창읍,엽채류,0,0,0,0,0
2003,양배추,대관령면,엽채류,38.4,2112,5500,0.606953612,0.472968022
2003,양배추,대화면,엽채류,160.4,8662,5400.2,2.81463442,2.620997565
2003,양배추,미탄면,엽채류,19.7,1143,5802,0.713847173,1.325505943
2003,양배추,방림면,엽채류,67,3886,5800,0.801766265,0.667170487
2003,양배추,봉평면,엽채류,102,5508,5400,1.739020796,1.831808449
2003,양배추,용평면,엽채류,77.7,4274,5500.6,1.786285134,1.741340418
2003,양배추,진부면,엽채류,29,1682,5800,0.267840375,0.243614386
2003,양배추,평창읍,엽채류,14.2,908,6394.4,0.213348794,0.671511686
2003,양파,대관령면,조미채류,40,2200,5500,2.128692166,1.67282704
2003,양파,대화면,조미채류,1,55,5500,0.059080781,0.056506918
2003,양파,미탄면,조미채류,1.7,93,5470.6,0.207403716,0.366192033
2003,양파,방림면,조미채류,1.1,60,5454.5,0.044319439,0.034976454
2003,양파,봉평면,조미채류,1.1,60,5454.5,0.063143098,0.067752897
2003,양파,용평면,조미채류,1,50,5000,0.077403101,0.069168708
2003,양파,진부면,조미채류,102,5610,5500,3.171807439,2.758864021
2003,양파,평창읍,조미채류,3.1,170,5483.9,0.156816637,0.426881311
2003,오이,대관령면,과채류,0,0,0,0,0
2003,오이,대화면,과채류,0.1,5,5000,0.178423957,0.083910953
2003,오이,미탄면,과채류,0,0,0,0,0
2003,오이,방림면,과채류,0.1,5,5000,0.121677006,0.047610665
2003,오이,봉평면,과채류,0.7,47,6714.3,1.213495531,0.866930329
2003,오이,용평면,과채류,0,0,0,0,0
2003,오이,진부면,과채류,3.5,385,11000,3.286863199,3.092700624
2003,오이,평창읍,과채류,0.6,66,11000,0.916618535,2.707147222
2003,옥수수,대관령면,잡곡,5,23,460,0.05848481,0.042161763
2003,옥수수,대화면,잡곡,95,484,509.5,1.233644539,1.198800343
2003,옥수수,미탄면,잡곡,84,421,501.2,2.252511977,3.996415212
2003,옥수수,방림면,잡곡,49,236,481.6,0.433928186,0.331664579
2003,옥수수,봉평면,잡곡,95,484,509.5,1.198607564,1.317602914
2003,옥수수,용평면,잡곡,24,120,500,0.408309807,0.400205882
2003,옥수수,진부면,잡곡,54,268,496.3,0.369080085,0.317734807
2003,옥수수,평창읍,잡곡,281,1406,500.4,3.124330523,8.511500048
2003,자두,대관령면,과실류,0,0,0,,
2003,자두,대화면,과실류,0,0,0,,
2003,자두,미탄면,과실류,0,0,0,,
2003,자두,방림면,과실류,0,0,0,,
2003,자두,봉평면,과실류,0,0,0,,
2003,자두,용평면,과실류,0,0,0,,
2003,자두,진부면,과실류,0,0,0,,
2003,자두,평창읍,과실류,0,0,0,,
2003,조,대관령면,잡곡,0,0,0,0,0
2003,조,대화면,잡곡,1,0.5,50,1.784239575,1.420892142
2003,조,미탄면,잡곡,0,0,0,0,0
2003,조,방림면,잡곡,2,1,50,2.433540113,1.612414519
2003,조,봉평면,잡곡,0,0,0,0,0
2003,조,용평면,잡곡,0,0,0,0,0
2003,조,진부면,잡곡,1,1,100,0.939103771,1.360252742
2003,조,평창읍,잡곡,1,0.5,50,1.527697558,3.472805022
2003,콩,대관령면,두류,0.5,0.5,100,0.018329865,0.015633299
2003,콩,대화면,두류,38,35.6,93.7,1.546558026,1.503977014
2003,콩,미탄면,두류,40.1,36.1,90,3.370143416,5.845012087
2003,콩,방림면,두류,24,22.5,93.8,0.666114994,0.539335877
2003,콩,봉평면,두류,27.5,25.1,91.3,1.087432453,1.165474056
2003,콩,용평면,두류,6.8,6.4,94.1,0.362579854,0.364059107
2003,콩,진부면,두류,21.3,19.5,91.5,0.456270765,0.394325002
2003,콩,평창읍,두류,61,56.1,92,2.125674066,5.792597475
2003,토마토,대관령면,과채류,0,0,0,0,0
2003,토마토,대화면,과채류,0.7,27,3857.1,0.821689278,0.293977685
2003,토마토,미탄면,과채류,0,0,0,0,0
2003,토마토,방림면,과채류,3.1,124,4000,2.48157051,0.766051342
2003,토마토,봉평면,과채류,0.5,20,4000,0.570251659,0.239341652
2003,토마토,용평면,과채류,2,560,28000,3.075754799,8.209928071
2003,토마토,진부면,과채류,0,0,0,0,0
2003,토마토,평창읍,과채류,1.3,52,4000,1.306583438,1.383799702
2003,파,대관령면,조미채류,9.5,285,3000,3.423328376,2.687945951
2003,파,대화면,조미채류,0,0,0,0,0
2003,파,미탄면,조미채류,0,0,0,0,0
2003,파,방림면,조미채류,0,0,0,0,0
2003,파,봉평면,조미채류,0,0,0,0,0
2003,파,용평면,조미채류,0,0,0,0,0
2003,파,진부면,조미채류,10,300,3000,2.105613836,1.829936424
2003,파,평창읍,조미채류,2.8,84,3000,0.959092638,2.616283604
2003,팥,대관령면,두류,0.2,0.2,100,0.009641047,0.009459669
2003,팥,대화면,두류,49,40,81.6,2.622307713,2.556327691
2003,팥,미탄면,두류,31.5,24.7,78.4,3.481124164,6.049792752
2003,팥,방림면,두류,22,17.6,80,0.802907656,0.638197051
2003,팥,봉평면,두류,12.8,10.1,78.9,0.665555866,0.709439875
2003,팥,용평면,두류,2.2,1.7,77.3,0.154249011,0.14628715
2003,팥,진부면,두류,6,4.7,78.3,0.169004878,0.14377484
2003,팥,평창읍,두류,43,34.4,80,1.970335783,5.373215566
2003,포도,대관령면,과실류,0,0,0,0,0
2003,포도,대화면,과실류,0,0,0,0,0
2003,포도,미탄면,과실류,0,0,0,0,0
2003,포도,방림면,과실류,0,0,0,0,0
2003,포도,봉평면,과실류,0,0,0,0,0
2003,포도,용평면,과실류,0,0,0,0,0
2003,포도,진부면,과실류,0,0,0,0,0
2003,포도,평창읍,과실류,3.6,72,2000,7.638487792,20.83683013
2003,호박,대관령면,과채류,0,0,0,0,0
2003,호박,대화면,과채류,3.3,83,2515.2,1.247455635,0.929834805
2003,호박,미탄면,과채류,0,0,0,0,0
2003,호박,방림면,과채류,12.8,328,2562.5,3.299715407,2.084909181
2003,호박,봉평면,과채류,5.4,285,5277.8,1.983315941,3.509217239
2003,호박,용평면,과채류,0.2,5,2500,0.099049731,0.075422068
2003,호박,진부면,과채류,0.4,22,5500,0.079585065,0.117971985
2003,호박,평창읍,과채류,1.5,38,2533.3,0.485497105,1.040472464
2004,감자,대관령면,서류,358,8152,2277,1.15648616,0.970613378
2004,감자,대화면,서류,344,7833,2277,0.779869239,0.749581068
2004,감자,미탄면,서류,23,524,2278,0.184322866,0.331939995
2004,감자,방림면,서류,96,2186,2277,0.253624791,0.186667653
2004,감자,봉평면,서류,390,8880,2277,1.415731379,1.422849151
2004,감자,용평면,서류,400,9108,2277,1.803285683,1.705196681
2004,감자,진부면,서류,868,19764,2277,1.872168786,1.784924057
2004,감자,평창읍,서류,36,820,2277,0.119951077,0.331441552
2004,겉보리,대관령면,맥류,0,0,0,,
2004,겉보리,대화면,맥류,0,0,0,,
2004,겉보리,미탄면,맥류,0,0,0,,
2004,겉보리,방림면,맥류,0,0,0,,
2004,겉보리,봉평면,맥류,0,0,0,,
2004,겉보리,용평면,맥류,0,0,0,,
2004,겉보리,진부면,맥류,0,0,0,,
2004,겉보리,평창읍,맥류,0,0,0,,
2004,고구마,대관령면,서류,0,0,0,0,0
2004,고구마,대화면,서류,0,0,0,0,0
2004,고구마,미탄면,서류,0,0,0,0,0
2004,고구마,방림면,서류,0,0,0,0,0
2004,고구마,봉평면,서류,0,0,0,0,0
2004,고구마,용평면,서류,0,0,0,0,0
2004,고구마,진부면,서류,0,0,0,0,0
2004,고구마,평창읍,서류,4,55,1375,8.379915533,23.14715046
2004,고추,대관령면,조미채류,12,28,233.3,0.264712793,0.220713277
2004,고추,대화면,조미채류,74.3,175,235.5,1.15023991,1.10870717
2004,고추,미탄면,조미채류,74,174,235.1,4.049667529,7.297361643
2004,고추,방림면,조미채류,91.8,216,235.3,1.656149053,1.221127429
2004,고추,봉평면,조미채류,7,16,228.6,0.173520409,0.169728276
2004,고추,용평면,조미채류,11.4,26,228.1,0.350950338,0.322264992
2004,고추,진부면,조미채류,14.7,35,238.1,0.216510459,0.20926725
2004,고추,평창읍,조미채류,83.1,195,234.7,1.890771058,5.218143745
2004,기타과실류,대관령면,과실류,0,0,0,,
2004,기타과실류,대화면,과실류,0,0,0,,
2004,기타과실류,미탄면,과실류,0,0,0,,
2004,기타과실류,방림면,과실류,0,0,0,,
2004,기타과실류,봉평면,과실류,0,0,0,,
2004,기타과실류,용평면,과실류,0,0,0,,
2004,기타과실류,진부면,과실류,0,0,0,,
2004,기타과실류,평창읍,과실류,0,0,0,,
2004,기타두류,대관령면,두류,3,3,100,1.740959314,1.57349163
2004,기타두류,대화면,두류,1,1,100,0.407261449,0.421552397
2004,기타두류,미탄면,두류,4,3,75,5.758658497,8.371641673
2004,기타두류,방림면,두류,2,2,100,0.949205877,0.752332782
2004,기타두류,봉평면,두류,1,1,100,0.652118025,0.70584115
2004,기타두류,용평면,두류,1,1,100,0.809868481,0.824731414
2004,기타두류,진부면,두류,0,0,0,0,0
2004,기타두류,평창읍,두류,2,2,100,1.19713079,3.561100071
2004,기타잡곡,대관령면,잡곡,0,0,0,0,0
2004,기타잡곡,대화면,잡곡,0,0,0,0,0
2004,기타잡곡,미탄면,잡곡,2,2,100,5.038826185,9.069278479
2004,기타잡곡,방림면,잡곡,0,0,0,0,0
2004,기타잡곡,봉평면,잡곡,0,0,100,0,0
2004,기타잡곡,용평면,잡곡,2,2,0,2.834539683,2.680377095
2004,기타잡곡,진부면,잡곡,0,0,0,0,0
2004,기타잡곡,평창읍,잡곡,4,4,100,4.189957766,11.57357523
2004,녹두,대관령면,두류,0,0,0,0,0
2004,녹두,대화면,두류,1,1,100,5.701660281,5.480181156
2004,녹두,미탄면,두류,0,0,0,0,0
2004,녹두,방림면,두류,0,0,0,0,0
2004,녹두,봉평면,두류,0,0,0,0,0
2004,녹두,용평면,두류,0,0,0,0,0
2004,녹두,진부면,두류,0,0,0,0,0
2004,녹두,평창읍,두류,0,0,0,0,0
2004,논벼,대관령면,미곡,0,0,0,0,0
2004,논벼,대화면,미곡,217,954,440,1.340477011,1.26588204
2004,논벼,미탄면,미곡,32,140,438,0.698775462,1.229732675
2004,논벼,방림면,미곡,93,409,440,0.669483235,0.484280073
2004,논벼,봉평면,미곡,95,413,435,0.939671694,0.917593495
2004,논벼,용평면,미곡,47,202,430,0.577349361,0.524393388
2004,논벼,진부면,미곡,28,123,439,0.164558225,0.154029672
2004,논벼,평창읍,미곡,411,1889,460,3.731468347,10.58715913
2004,당근,대관령면,근채류,162,5346,3300,4.739521934,3.978119296
2004,당근,대화면,근채류,0.3,9,3000,0.006159518,0.005382695
2004,당근,미탄면,근채류,0,0,0,0,0
2004,당근,방림면,근채류,0,0,0,0,0
2004,당근,봉평면,근채류,0.5,16,3200,0.016437977,0.016022586
2004,당근,용평면,근채류,0,0,0,0,0
2004,당근,진부면,근채류,114.9,3792,3300.3,2.244436967,2.140326223
2004,당근,평창읍,근채류,0,0,0,0,0
2004,딸기,대관령면,과채류,8.3,232,2795.2,4.922128279,4.528724837
2004,딸기,대화면,과채류,0.1,0.3,0,0.041617958,0.004706712
2004,딸기,미탄면,과채류,0,0,0,0,0
2004,딸기,방림면,과채류,2,25,0,0.969991407,0.349997358
2004,딸기,봉평면,과채류,0,0,0,0,0
2004,딸기,용평면,과채류,0,0,0,0,0
2004,딸기,진부면,과채류,3.3,92,0,1.30664207,1.362192774
2004,딸기,평창읍,과채류,0,0,0,0,0
2004,마늘,대관령면,조미채류,0,0,700,0,0
2004,마늘,대화면,조미채류,0.8,5.6,700,0.356353768,0.342511322
2004,마늘,미탄면,조미채류,0.6,4.2,700,0.94477991,1.700489715
2004,마늘,방림면,조미채류,0.4,2.8,700,0.207638786,0.152817596
2004,마늘,봉평면,조미채류,2,14,700,1.42650818,1.433739835
2004,마늘,용평면,조미채류,0.1,0.7,700,0.088579365,0.083761784
2004,마늘,진부면,조미채류,0,0,700,0,0
2004,마늘,평창읍,조미채류,8.9,62.3,700,5.826660019,16.09450305
2004,메밀,대관령면,잡곡,0,0,0,0,0
2004,메밀,대화면,잡곡,5,3,0,1.018153622,0.913363526
2004,메밀,미탄면,잡곡,0,0,0,0,0
2004,메밀,방림면,잡곡,0,0,0,0,0
2004,메밀,봉평면,잡곡,22,14,0,7.173298276,7.136838292
2004,메밀,용평면,잡곡,1,1,0,0.40493424,0.595639354
2004,메밀,진부면,잡곡,0,0,0,0,0
2004,메밀,평창읍,잡곡,0,0,0,0,0
2004,무,대관령면,근채류,64,1856,2900,1.139777543,0.918631583
2004,무,대화면,근채류,91,2802,3079.1,1.137332498,1.114653571
2004,무,미탄면,근채류,36,1100,3055.6,1.590510677,2.896691732
2004,무,방림면,근채류,103,3108,3017.5,1.500169744,1.1032685
2004,무,봉평면,근채류,35,1135,3242.9,0.700433653,0.75600219
2004,무,용평면,근채류,34,1006,2958.8,0.845018406,0.782944064
2004,무,진부면,근채류,66,1920,2909.1,0.784787214,0.72082099
2004,무,평창읍,근채류,27.2,849,3121.3,0.499635472,1.426533881
2004,배,대관령면,과실류,0,0,0,0,0
2004,배,대화면,과실류,0,0,0,0,0
2004,배,미탄면,과실류,3.1,62,2000,14.87653445,26.77596503
2004,배,방림면,과실류,0,0,0,0,0
2004,배,봉평면,과실류,0,0,0,0,0
2004,배,용평면,과실류,0,0,0,0,0
2004,배,진부면,과실류,0,0,0,0,0
2004,배,평창읍,과실류,1.1,22,0,2.194739782,6.06234893
2004,배추,대관령면,엽채류,345,13455,3900,1.2028256,0.887935942
2004,배추,대화면,엽채류,474.9,22275,4690.5,1.161961321,1.181473614
2004,배추,미탄면,엽채류,79,3186,4032.9,0.683289308,1.118638853
2004,배추,방림면,엽채류,704.4,34794,4939.5,2.008472873,1.646793336
2004,배추,봉평면,엽채류,178,7459,4190.4,0.69736863,0.662433569
2004,배추,용평면,엽채류,160,6240,3900,0.778485773,0.647518048
2004,배추,진부면,엽채류,312.1,12214,3913.5,0.726516024,0.611390442
2004,배추,평창읍,엽채류,76.9,3698,4808.8,0.276537572,0.828468195
2004,복숭아,대관령면,과실류,0,0,0,0,0
2004,복숭아,대화면,과실류,0,0,0,0,0
2004,복숭아,미탄면,과실류,0,0,0,0,0
2004,복숭아,방림면,과실류,1.6,24,1500,5.062431343,3.72583854
2004,복숭아,봉평면,과실류,0,0,0,0,0
2004,복숭아,용평면,과실류,0,0,0,0,0
2004,복숭아,진부면,과실류,0,0,0,0,0
2004,복숭아,평창읍,과실류,0.5,7.5,1500,1.995217984,5.5112263
2004,사과,대관령면,과실류,0,0,0,0,0
2004,사과,대화면,과실류,0,0,0,0,0
2004,사과,미탄면,과실류,0.6,1.2,200,2.879329249,5.182444845
2004,사과,방림면,과실류,0,0,0,0,0
2004,사과,봉평면,과실류,0,0,0,0,0
2004,사과,용평면,과실류,0,0,0,0,0
2004,사과,진부면,과실류,2,4,0,2.583116357,2.462805051
2004,사과,평창읍,과실류,1.6,3.2,200,3.192348774,8.81796208
2004,상추,대관령면,엽채류,0,0,0,,
2004,상추,대화면,엽채류,0,0,0,,
2004,상추,미탄면,엽채류,0,0,0,,
2004,상추,방림면,엽채류,0,0,0,,
2004,상추,봉평면,엽채류,0,0,0,,
2004,상추,용평면,엽채류,0,0,0,,
2004,상추,진부면,엽채류,0,0,0,,
2004,상추,평창읍,엽채류,0,0,0,,
2004,생강,대관령면,조미채류,0,0,0,,
2004,생강,대화면,조미채류,0,0,0,,
2004,생강,미탄면,조미채류,0,0,0,,
2004,생강,방림면,조미채류,0,0,0,,
2004,생강,봉평면,조미채류,0,0,0,,
2004,생강,용평면,조미채류,0,0,0,,
2004,생강,진부면,조미채류,0,0,0,,
2004,생강,평창읍,조미채류,0,0,0,,
2004,수박,대관령면,과채류,0,0,0,0,0
2004,수박,대화면,과채류,0,0,0,0,0
2004,수박,미탄면,과채류,0,0,0,0,0
2004,수박,방림면,과채류,0,0,0,0,0
2004,수박,봉평면,과채류,0,0,0,0,0
2004,수박,용평면,과채류,0,0,0,0,0
2004,수박,진부면,과채류,0,0,0,0,0
2004,수박,평창읍,과채류,7.7,319,4142.9,8.379915533,23.14715046
2004,수수,대관령면,잡곡,0,0,0,0,0
2004,수수,대화면,잡곡,3,3,100,1.069061303,1.027533967
2004,수수,미탄면,잡곡,2,2,100,2.519413093,4.534639239
2004,수수,방림면,잡곡,0,0,0,0,0
2004,수수,봉평면,잡곡,0,0,0,0,0
2004,수수,용평면,잡곡,1,1,100,0.708634921,0.670094274
2004,수수,진부면,잡곡,0,0,0,0,0
2004,수수,평창읍,잡곡,10,10,100,5.237447208,14.46696904
2004,시금치,대관령면,엽채류,50,1425,2850,4.690806465,3.841957618
2004,시금치,대화면,엽채류,3.7,108,2918.9,0.243604423,0.234029089
2004,시금치,미탄면,엽채류,0,0,0,0,0
2004,시금치,방림면,엽채류,11.5,346,3008.7,0.882344955,0.669037733
2004,시금치,봉평면,엽채류,4,154,3850,0.421692949,0.558756023
2004,시금치,용평면,엽채류,4,114,2850,0.523702482,0.483294565
2004,시금치,진부면,엽채류,13.4,382,2850.7,0.839363675,0.781202931
2004,시금치,평창읍,엽채류,0,0,0,0,0
2004,양배추,대관령면,엽채류,46,2806,6100,0.735825817,0.609940361
2004,양배추,대화면,엽채류,136,8432,6200,1.526729274,1.473121892
2004,양배추,미탄면,엽채류,7.7,477,6194.8,0.305563785,0.551650833
2004,양배추,방림면,엽채류,94,5828,6200,1.229725274,0.908565113
2004,양배추,봉평면,엽채류,115,7130,6200,2.06715893,2.085705693
2004,양배추,용평면,엽채류,75,4575,6100,1.674270338,1.563724204
2004,양배추,진부면,엽채류,28.1,1742,6199.3,0.300117535,0.287217337
2004,양배추,평창읍,엽채류,6.1,378,6196.7,0.100644782,0.278934675
2004,양파,대관령면,조미채류,30.7,1381,4498.4,1.37044746,1.126486232
2004,양파,대화면,조미채류,5,260,5200,0.156639019,0.170456646
2004,양파,미탄면,조미채류,7,357,5100,0.775204028,1.549339594
2004,양파,방림면,조미채류,6.7,342,5104.5,0.244603053,0.200076059
2004,양파,봉평면,조미채류,1,45,4500,0.050162925,0.049397903
2004,양파,용평면,조미채류,0,0,0,0,0
2004,양파,진부면,조미채류,123,5535,4500,3.666038215,3.424621905
2004,양파,평창읍,조미채류,8.6,439,5104.7,0.395974031,1.215647691
2004,오이,대관령면,과채류,0,0,0,0,0
2004,오이,대화면,과채류,0.7,65,9285.7,1.478208221,1.583163445
2004,오이,미탄면,과채류,0,0,0,0,0
2004,오이,방림면,과채류,0.9,68,7555.6,2.214813712,1.477915954
2004,오이,봉평면,과채류,1,86,8600,3.381352723,3.507246246
2004,오이,용평면,과채류,0,0,,0,0
2004,오이,진부면,과채류,0.1,6,6000,0.20090905,0.137917083
2004,오이,평창읍,과채류,0,0,,0,0
2004,옥수수,대관령면,잡곡,7,32,457,0.084629967,0.071071935
2004,옥수수,대화면,잡곡,92,420,457,0.780584443,0.749731624
2004,옥수수,미탄면,잡곡,100,457,457,2.999301301,5.400208814
2004,옥수수,방림면,잡곡,35,160,457,0.346064643,0.25486192
2004,옥수수,봉평면,잡곡,95,434,457,1.290650258,1.297184289
2004,옥수수,용평면,잡곡,35,160,457,0.590529101,0.558775681
2004,옥수수,진부면,잡곡,32,146,456,0.258311636,0.245959618
2004,옥수수,평창읍,잡곡,276,1261,457,3.441751022,9.507673202
2004,자두,대관령면,과실류,0,0,0,,
2004,자두,대화면,과실류,0,0,0,,
2004,자두,미탄면,과실류,0,0,0,,
2004,자두,방림면,과실류,0,0,0,,
2004,자두,봉평면,과실류,0,0,0,,
2004,자두,용평면,과실류,0,0,0,,
2004,자두,진부면,과실류,0,0,0,,
2004,자두,평창읍,과실류,0,0,0,,
2004,조,대관령면,잡곡,0,0,0,0,0
2004,조,대화면,잡곡,1,1,100,2.85083014,2.740090578
2004,조,미탄면,잡곡,0,0,0,0,0
2004,조,방림면,잡곡,0,0,0,0,0
2004,조,봉평면,잡곡,0,0,0,0,0
2004,조,용평면,잡곡,0,0,0,0,0
2004,조,진부면,잡곡,0,0,0,0,0
2004,조,평창읍,잡곡,1,1,100,4.189957766,11.57357523
2004,콩,대관령면,두류,1,2,200,0.034868999,0.03767107
2004,콩,대화면,두류,59,91,154,1.443768054,1.3776146
2004,콩,미탄면,두류,43,67,156,3.719648514,6.714272465
2004,콩,방림면,두류,29,45,155,0.826990528,0.607893201
2004,콩,봉평면,두류,20,31,155,0.783661146,0.785784484
2004,콩,용평면,두류,10,16,160,0.486616255,0.473878823
2004,콩,진부면,두류,20,31,155,0.465626124,0.442896709
2004,콩,평창읍,두류,51,79,155,1.834230438,5.051449962
2004,토마토,대관령면,과채류,0,0,0,0,0
2004,토마토,대화면,과채류,0.9,35,3888.9,0.90026215,0.192383491
2004,토마토,미탄면,과채류,0,0,0,0,0
2004,토마토,방림면,과채류,2.1,126,6000,2.447951998,0.618014592
2004,토마토,봉평면,과채류,0.5,28,5600,0.800846698,0.257699276
2004,토마토,용평면,과채류,2,800,40000,3.978301309,8.60301575
2004,토마토,진부면,과채류,0.2,8,0,0.190334889,0.041499624
2004,토마토,평창읍,과채류,0,0,0,0,0
2004,파,대관령면,조미채류,12,367,3058.3,3.610878576,2.957891477
2004,파,대화면,조미채류,0,0,0,0,0
2004,파,미탄면,조미채류,0,0,0,0,0
2004,파,방림면,조미채류,0,0,0,0,0
2004,파,봉평면,조미채류,0,0,0,0,0
2004,파,용평면,조미채류,1,31,0,0.419931805,0.39286851
2004,파,진부면,조미채류,14,448,3200,2.8127267,2.73877895
2004,파,평창읍,조미채류,0,0,0,0,0
2004,팥,대관령면,두류,0,0,0,0,0
2004,팥,대화면,두류,51,67,131,1.817404215,1.74015231
2004,팥,미탄면,두류,29,38,131,3.653148984,6.533319094
2004,팥,방림면,두류,24,32,133,0.996666171,0.741636107
2004,팥,봉평면,두류,7,9,129,0.39942229,0.39139059
2004,팥,용평면,두류,2,3,150,0.141726984,0.152438508
2004,팥,진부면,두류,6,8,133,0.203420413,0.196090639
2004,팥,평창읍,두류,41,54,132,2.147353355,5.923915284
2004,포도,대관령면,과실류,0,0,0,0,0
2004,포도,대화면,과실류,0,0,0,0,0
2004,포도,미탄면,과실류,0,0,0,0,0
2004,포도,방림면,과실류,0,0,0,0,0
2004,포도,봉평면,과실류,0,0,0,0,0
2004,포도,용평면,과실류,0,0,0,0,0
2004,포도,진부면,과실류,0,0,0,0,0
2004,포도,평창읍,과실류,3.6,72,2000,8.379915533,23.14715046
2004,호박,대관령면,과채류,0,0,0,0,0
2004,호박,대화면,과채류,4.3,112,2604.7,0.407939088,0.367533107
2004,호박,미탄면,과채류,0,0,0,0,0
2004,호박,방림면,과채류,46.4,1206,2599.1,5.129818116,3.531459089
2004,호박,봉평면,과채류,4,206,5150,0.607630772,1.131881796
2004,호박,용평면,과채류,1,26,2600,0.188654887,0.166921687
2004,호박,진부면,과채류,0.2,5,2500,0.018051728,0.015484702
2004,호박,평창읍,과채류,4.2,115,2738.1,0.585618057,1.593965451
2005,감자,대관령면,서류,534,14471,2710,1.313558079,1.088606189
2005,감자,대화면,서류,340,9214,2710,0.714693289,0.710968415
2005,감자,미탄면,서류,20,542,2710,0.167900986,0.244320751
2005,감자,방림면,서류,138,3740,2710,0.340339733,0.271102849
2005,감자,봉평면,서류,495,13415,2710,1.499597757,1.525158555
2005,감자,용평면,서류,349,9458,2710,1.466841589,1.370793453
2005,감자,진부면,서류,878,23794,2710,1.810723407,1.653745287
2005,감자,평창읍,서류,36,975,2708,0.109010553,0.299193425
2005,겉보리,대관령면,맥류,0,0,0,,
2005,겉보리,대화면,맥류,0,0,0,,
2005,겉보리,미탄면,맥류,0,0,0,,
2005,겉보리,방림면,맥류,0,0,0,,
2005,겉보리,봉평면,맥류,0,0,0,,
2005,겉보리,용평면,맥류,0,0,0,,
2005,겉보리,진부면,맥류,0,0,0,,
2005,겉보리,평창읍,맥류,0,0,0,,
2005,고구마,대관령면,서류,0,0,0,0,0
2005,고구마,대화면,서류,0,0,0,0,0
2005,고구마,미탄면,서류,1,14,1400,5.855546895,8.371200463
2005,고구마,방림면,서류,0,0,0,0,0
2005,고구마,봉평면,서류,0,0,0,0,0
2005,고구마,용평면,서류,0,0,0,0,0
2005,고구마,진부면,서류,0,0,0,0,0
2005,고구마,평창읍,서류,3,43,1433,6.336238403,17.50308182
2005,고추,대관령면,조미채류,1,32.4,3240,0.017313249,0.048283944
2005,고추,대화면,조미채류,93.6,515.9,551.2,1.38480044,0.788593325
2005,고추,미탄면,조미채류,22,513.5,2334.1,1.299919593,4.585503033
2005,고추,방림면,조미채류,101.6,1643.5,1617.6,1.763590834,2.360030724
2005,고추,봉평면,조미채류,18.5,201.5,1089.2,0.394468083,0.453821261
2005,고추,용평면,조미채류,18.1,252.1,1392.8,0.535435202,0.723820746
2005,고추,진부면,조미채류,26.8,180.4,673.1,0.389011958,0.248383741
2005,고추,평창읍,조미채류,114.8,477.4,415.9,2.446687416,2.902119644
2005,기타과실류,대관령면,과실류,0,0,0,,
2005,기타과실류,대화면,과실류,0,0,0,,
2005,기타과실류,미탄면,과실류,0,0,0,,
2005,기타과실류,방림면,과실류,0,0,0,,
2005,기타과실류,봉평면,과실류,0,0,0,,
2005,기타과실류,용평면,과실류,0,0,0,,
2005,기타과실류,진부면,과실류,0,0,0,,
2005,기타과실류,평창읍,과실류,0,0,0,,
2005,기타두류,대관령면,두류,0,0,0,0,0
2005,기타두류,대화면,두류,0,0,0,0,0
2005,기타두류,미탄면,두류,2,2,100,11.71109379,17.04137237
2005,기타두류,방림면,두류,1,1,100,1.72019539,1.370174819
2005,기타두류,봉평면,두류,0,0,0,0,0
2005,기타두류,용평면,두류,0,0,0,0,0
2005,기타두류,진부면,두류,0,0,0,0,0
2005,기타두류,평창읍,두류,1,1,100,2.112079468,5.800439907
2005,기타잡곡,대관령면,잡곡,0,0,0,0,0
2005,기타잡곡,대화면,잡곡,0,0,0,0,0
2005,기타잡곡,미탄면,잡곡,2,2,100,5.855546895,8.520686186
2005,기타잡곡,방림면,잡곡,0,0,0,0,0
2005,기타잡곡,봉평면,잡곡,0,0,0,0,0
2005,기타잡곡,용평면,잡곡,0,0,0,0,0
2005,기타잡곡,진부면,잡곡,0,0,0,0,0
2005,기타잡곡,평창읍,잡곡,6,6,100,6.336238403,17.40131972
2005,녹두,대관령면,두류,0,0,0,0,0
2005,녹두,대화면,두류,1,1,100,5.864689045,5.834123168
2005,녹두,미탄면,두류,0,0,0,0,0
2005,녹두,방림면,두류,0,0,0,0,0
2005,녹두,봉평면,두류,0,0,0,0,0
2005,녹두,용평면,두류,0,0,0,0,0
2005,녹두,진부면,두류,0,0,0,0,0
2005,녹두,평창읍,두류,0,0,0,0,0
2005,논벼,대관령면,미곡,0,0,0,0,0
2005,논벼,대화면,미곡,222,1086,489,1.393962492,1.387009142
2005,논벼,미탄면,미곡,32,156,488,0.802473236,1.163946624
2005,논벼,방림면,미곡,93,455,489,0.685131354,0.545910283
2005,논벼,봉평면,미곡,95,465,489,0.859707104,0.87503348
2005,논벼,용평면,미곡,47,230,489,0.590082823,0.551757121
2005,논벼,진부면,미곡,28,137,489,0.172493589,0.157604687
2005,논벼,평창읍,미곡,417,2039,489,3.771893525,10.35647721
2005,당근,대관령면,근채류,167.1,5347.2,3200,4.098651246,3.27429075
2005,당근,대화면,근채류,0.3,7.5,2500,0.006288087,0.004710662
2005,당근,미탄면,근채류,0,0,0,0,0
2005,당근,방림면,근채류,0,0,0,0,0
2005,당근,봉평면,근채류,0,0,0,0,0
2005,당근,용평면,근채류,0,0,0,0,0
2005,당근,진부면,근채류,112.4,3934,3500,2.311428182,2.225635682
2005,당근,평창읍,근채류,0,0,0,0,0
2005,딸기,대관령면,과채류,7,126,1800,6.862971985,5.687818763
2005,딸기,대화면,과채류,0,0,0,0,0
2005,딸기,미탄면,과채류,0,0,0,0,0
2005,딸기,방림면,과채류,0,0,0,0,0
2005,딸기,봉평면,과채류,0,0,0,0,0
2005,딸기,용평면,과채류,0,0,0,0,0
2005,딸기,진부면,과채류,0,0,0,0,0
2005,딸기,평창읍,과채류,0,0,0,0,0
2005,마늘,대관령면,조미채류,0,0,700,0,0
2005,마늘,대화면,조미채류,0.8,5.6,700,0.670250177,0.666756933
2005,마늘,미탄면,조미채류,1,7,700,3.346026797,4.868963535
2005,마늘,방림면,조미채류,0.8,5.6,700,0.786375035,0.626365632
2005,마늘,봉평면,조미채류,1,7,700,1.207468324,1.228003974
2005,마늘,용평면,조미채류,1.8,12.6,700,3.015341162,2.817868169
2005,마늘,진부면,조미채류,0.1,0.7,700,0.082198476,0.075071763
2005,마늘,평창읍,조미채류,1.5,10.5,700,1.810353829,4.971805635
2005,메밀,대관령면,잡곡,0,0,0,0,0
2005,메밀,대화면,잡곡,5,3,65,0.651632116,0.603529983
2005,메밀,미탄면,잡곡,0,0,0,0,0
2005,메밀,방림면,잡곡,2,1,65,0.305812514,0.18898963
2005,메밀,봉평면,잡곡,33,21,65,6.198337396,6.224709801
2005,메밀,용평면,잡곡,3,2,65,0.781755116,0.755750084
2005,메밀,진부면,잡곡,1,1,65,0.127864295,0.181207704
2005,메밀,평창읍,잡곡,1,1,65,0.187740397,0.800060677
2005,무,대관령면,근채류,53,1696,3200,0.759685704,0.671236466
2005,무,대화면,근채류,89.9,2619.8,2914.1,1.101160286,1.063524933
2005,무,미탄면,근채류,38.9,1152.6,2963,1.902930445,2.733487687
2005,무,방림면,근채류,78.9,2377.3,3013.1,1.133863127,0.906617104
2005,무,봉평면,근채류,67.5,1776,2631.1,1.191580583,1.062293975
2005,무,용평면,근채류,61.5,2029.5,3300,1.506201117,1.547530462
2005,무,진부면,근채류,54.6,1661.7,3043.4,0.656145726,0.607618825
2005,무,평창읍,근채류,34.5,1058.4,3067.8,0.608744709,1.708734936
2005,배,대관령면,과실류,0,0,0,0,0
2005,배,대화면,과실류,0,0,0,0,0
2005,배,미탄면,과실류,3.1,40.3,1300,17.28780512,32.31846149
2005,배,방림면,과실류,0,0,0,0,0
2005,배,봉평면,과실류,0,0,0,0,0
2005,배,용평면,과실류,0,0,0,0,0
2005,배,진부면,과실류,0,0,0,0,0
2005,배,평창읍,과실류,1.1,2.2,200,2.21265468,1.201032263
2005,배추,대관령면,엽채류,426.5,17933,4204.7,1.255439653,0.985323022
2005,배추,대화면,엽채류,437,20261,4636.4,1.099236162,1.141869314
2005,배추,미탄면,엽채류,77.2,3072,3979.3,0.775549166,1.011429707
2005,배추,방림면,엽채류,681.5,33348,4893.3,2.011259976,1.765573079
2005,배추,봉평면,엽채류,161.5,6287,3892.9,0.585478422,0.522060944
2005,배추,용평면,엽채류,149,5887,3951,0.749398535,0.623189567
2005,배추,진부면,엽채류,328.8,13585,4131.7,0.811443325,0.68962696
2005,배추,평창읍,엽채류,70,3146,4494.3,0.253648832,0.705114383
2005,복숭아,대관령면,과실류,0,0,0,0,0
2005,복숭아,대화면,과실류,0,0,0,0,0
2005,복숭아,미탄면,과실류,0,0,0,0,0
2005,복숭아,방림면,과실류,1.6,19.2,1200,5.242500236,4.175770878
2005,복숭아,봉평면,과실류,0,0,0,0,0
2005,복숭아,용평면,과실류,0,0,0,0,0
2005,복숭아,진부면,과실류,0,0,0,0,0
2005,복숭아,평창읍,과실류,0.5,6,1200,2.011504255,5.524228483
2005,사과,대관령면,과실류,0,0,0,0,0
2005,사과,대화면,과실류,0,0,0,0,0
2005,사과,미탄면,과실류,0.8,14.4,1800,2.036711964,11.5752718
2005,사과,방림면,과실류,0,0,0,0,0
2005,사과,봉평면,과실류,0,0,0,0,0
2005,사과,용평면,과실류,0,0,0,0,0
2005,사과,진부면,과실류,2,10,500,1.250846366,1.239392317
2005,사과,평창읍,과실류,6.4,18,281,5.877090693,9.849803616
2005,상추,대관령면,엽채류,33,926.4,2807.3,3.864813575,3.186499336
2005,상추,대화면,엽채류,5,127.2,2544,0.500400089,0.448778705
2005,상추,미탄면,엽채류,1.4,43.4,3100,0.559574447,0.894527771
2005,상추,방림면,엽채류,1.7,51.2,3011.8,0.199613117,0.16969751
2005,상추,봉평면,엽채류,7,213,3042.9,1.009657814,1.107253221
2005,상추,용평면,엽채류,3.4,93.2,2741.2,0.680367081,0.617634653
2005,상추,진부면,엽채류,6.9,193.2,2800,0.677506206,0.613975886
2005,상추,평창읍,엽채류,0.2,6,3000,0.028833849,0.084186356
2005,생강,대관령면,조미채류,0,0,0,0,0
2005,생강,대화면,조미채류,0,0,0,0,0
2005,생강,미탄면,조미채류,0,0,0,0,0
2005,생강,방림면,조미채류,0,0,0,0,0
2005,생강,봉평면,조미채류,0,0,0,0,0
2005,생강,용평면,조미채류,0,0,0,0,0
2005,생강,진부면,조미채류,0,0,0,0,0
2005,생강,평창읍,조미채류,0.3,3.6,0,8.448317871,23.20175963
2005,수박,대관령면,과채류,0,0,0,0,0
2005,수박,대화면,과채류,0,0,0,0,0
2005,수박,미탄면,과채류,0,0,0,0,0
2005,수박,방림면,과채류,0,0,0,0,0
2005,수박,봉평면,과채류,0,0,0,0,0
2005,수박,용평면,과채류,0,0,0,0,0
2005,수박,진부면,과채류,0,0,0,0,0
2005,수박,평창읍,과채류,11.2,459.4,4101.8,8.448317871,23.20175963
2005,수수,대관령면,잡곡,0,0,0,0,0
2005,수수,대화면,잡곡,3,4,142,0.837812721,0.777883089
2005,수수,미탄면,잡곡,2,3,142,2.230684532,3.408274474
2005,수수,방림면,잡곡,0,0,0,0,0
2005,수수,봉평면,잡곡,2,3,142,0.804978883,0.859602782
2005,수수,용평면,잡곡,3,4,142,1.675189535,1.461116828
2005,수수,진부면,잡곡,0,0,0,0,0
2005,수수,평창읍,잡곡,11,16,142,4.425309361,12.3742718
2005,시금치,대관령면,엽채류,0.5,6.4,1280,3.431485993,2.843909382
2005,시금치,대화면,엽채류,0.1,1.2,1200,0.586468905,0.546949047
2005,시금치,미탄면,엽채류,0,0,0,0,0
2005,시금치,방림면,엽채류,0,0,0,0,0
2005,시금치,봉평면,엽채류,0,0,0,0,0
2005,시금치,용평면,엽채류,0,0,0,0,0
2005,시금치,진부면,엽채류,0.4,5.2,1300,2.301557314,2.134853267
2005,시금치,평창읍,엽채류,0,0,0,0,0
2005,양배추,대관령면,엽채류,25.8,1548,6000,0.40629802,0.331416549
2005,양배추,대화면,엽채류,136.6,8327.2,6096,1.838266461,1.828656244
2005,양배추,미탄면,엽채류,16.5,1018.5,6172.7,0.886796914,1.306631367
2005,양배추,방림면,엽채류,38.1,2324,6099.7,0.601555249,0.47943483
2005,양배추,봉평면,엽채류,109,6595,6050.5,2.11403931,2.133880509
2005,양배추,용평면,엽채류,73,4526,6200,1.964253906,1.866887896
2005,양배추,진부면,엽채류,23.2,1398.7,6028.9,0.306310978,0.276666589
2005,양배추,평창읍,엽채류,13.6,829.6,6100,0.26364645,0.724514615
2005,양파,대관령면,조미채류,27.3,1365,5000,2.178594595,1.697986312
2005,양파,대화면,조미채류,5,275,5500,0.340970293,0.350884409
2005,양파,미탄면,조미채류,4,216,5400,1.089404074,1.61006755
2005,양파,방림면,조미채류,2.1,126,6000,0.168019085,0.15102968
2005,양파,봉평면,조미채류,0.2,10.8,5400,0.019656461,0.020303801
2005,양파,용평면,조미채류,0,0,0,0,0
2005,양파,진부면,조미채류,42.4,2289.6,5400,2.836803201,2.631419306
2005,양파,평창읍,조미채류,5,290,5800,0.491181272,1.471548922
2005,오이,대관령면,과채류,1.2,42,3500,1.871719632,1.541215407
2005,오이,대화면,과채류,0.4,21.5,5375,0.53315355,0.809249343
2005,오이,미탄면,과채류,1,31,3100,5.32322445,6.816548949
2005,오이,방림면,과채류,0.4,19.2,4800,0.625525596,0.678899523
2005,오이,봉평면,과채류,0,0,0,0,0
2005,오이,용평면,과채류,0,0,0,0,0
2005,오이,진부면,과채류,0.9,25.3,2811.1,1.176932718,0.857755437
2005,오이,평창읍,과채류,0.5,16,3200,0.960036122,2.395020349
2005,옥수수,대관령면,잡곡,4,19,485,0.048076862,0.039028009
2005,옥수수,대화면,잡곡,92,447,485,0.944923629,0.941803198
2005,옥수수,미탄면,잡곡,89,431,485,3.650743774,5.305042609
2005,옥수수,방림면,잡곡,57,276,485,0.686873115,0.546288552
2005,옥수수,봉평면,잡곡,37,180,485,0.54769579,0.558788374
2005,옥수수,용평면,잡곡,42,204,485,0.862531915,0.807334325
2005,옥수수,진부면,잡곡,17,82,485,0.171306805,0.155620051
2005,옥수수,평창읍,잡곡,233,1130,485,3.447387152,9.468395948
2005,자두,대관령면,과실류,0,0,0,,
2005,자두,대화면,과실류,0,0,0,,
2005,자두,미탄면,과실류,0,0,0,,
2005,자두,방림면,과실류,0,0,0,,
2005,자두,봉평면,과실류,0,0,0,,
2005,자두,용평면,과실류,0,0,0,,
2005,자두,진부면,과실류,0,0,0,,
2005,자두,평창읍,과실류,0,0,0,,
2005,조,대관령면,잡곡,0,0,0,0,0
2005,조,대화면,잡곡,1,1,128,1.172937809,0.972353861
2005,조,미탄면,잡곡,0,0,0,0,0
2005,조,방림면,잡곡,1,2,128,1.376156312,1.826899759
2005,조,봉평면,잡곡,1,1,128,1.690455653,1.432671303
2005,조,용평면,잡곡,1,1,128,2.345265349,1.826396035
2005,조,진부면,잡곡,1,1,128,1.150778657,0.875837238
2005,조,평창읍,잡곡,0,0,0,0,0
2005,콩,대관령면,두류,6,10,167,0.139585871,0.114673765
2005,콩,대화면,두류,70,118,169,1.391621129,1.387956721
2005,콩,미탄면,두류,48,81,169,3.81106781,5.565932105
2005,콩,방림면,두류,50,84,168,1.166234163,0.928182942
2005,콩,봉평면,두류,32,54,169,0.916857304,0.935857868
2005,콩,용평면,두류,8,13,163,0.318002081,0.287215506
2005,콩,진부면,두류,18,30,167,0.351085014,0.317844159
2005,콩,평창읍,두류,63,106,168,1.804217037,4.958440566
2005,토마토,대관령면,과채류,0,0,0,0,0
2005,토마토,대화면,과채류,0.9,52.2,5800,0.651632116,0.555326822
2005,토마토,미탄면,과채류,0,0,0,0,0
2005,토마토,방림면,과채류,4.7,250.5,5329.8,3.992552263,2.503492285
2005,토마토,봉평면,과채류,0,0,0,0,0
2005,토마토,용평면,과채류,2,222.5,11125,2.895389319,4.446095381
2005,토마토,진부면,과채류,0.3,14.4,4800,0.213107159,0.137987486
2005,토마토,평창읍,과채류,0.2,8.8,4400,0.208600441,0.372311241
2005,파,대관령면,조미채류,25.5,790.5,3100,3.653565462,3.043745419
2005,파,대화면,조미채류,0,0,0,0,0
2005,파,미탄면,조미채류,0,0,0,0,0
2005,파,방림면,조미채류,0,0,0,0,0
2005,파,봉평면,조미채류,1,31,3100,0.176456749,0.180393219
2005,파,용평면,조미채류,1.3,37.7,2900,0.318251039,0.279671529
2005,파,진부면,조미채류,19.4,599.4,3089.7,2.330386842,2.132318604
2005,파,평창읍,조미채류,0.7,18.6,2657.1,0.123461848,0.292142384
2005,팥,대관령면,두류,0,0,0,0,0
2005,팥,대화면,두류,29,39,134,1.560330113,1.558430161
2005,팥,미탄면,두류,22,29,132,4.727414007,6.769860257
2005,팥,방림면,두류,19,25,132,1.19940229,0.938475904
2005,팥,봉평면,두류,3,4,133,0.232631512,0.235507612
2005,팥,용평면,두류,4,5,125,0.430323917,0.375286857
2005,팥,진부면,두류,3,4,133,0.158364035,0.143973245
2005,팥,평창읍,두류,29,40,138,2.247717599,6.356646473
2005,포도,대관령면,과실류,0,0,0,0,0
2005,포도,대화면,과실류,0,0,0,0,0
2005,포도,미탄면,과실류,0,0,0,0,0
2005,포도,방림면,과실류,0,0,0,0,0
2005,포도,봉평면,과실류,0,0,0,0,0
2005,포도,용평면,과실류,0.1,1.7,1700,0.344891963,0.322305183
2005,포도,진부면,과실류,0,0,0,0,0
2005,포도,평창읍,과실류,3.3,56.1,1700,8.199837933,22.51935493
2005,호박,대관령면,과채류,1.7,57.8,3400,0.21021716,0.176608071
2005,호박,대화면,과채류,4.6,130.9,2845.7,0.486082335,0.41025341
2005,호박,미탄면,과채류,1,36,3600,0.422021398,0.659134467
2005,호박,방림면,과채류,37.8,1299,3436.5,4.686370144,3.82456533
2005,호박,봉평면,과채류,2.9,94.9,3272.4,0.441650576,0.438228869
2005,호박,용평면,과채류,1.6,50.8,3175,0.338056266,0.299052115
2005,호박,진부면,과채류,2.6,78.4,3015.4,0.269551758,0.221323576
2005,호박,평창읍,과채류,3.3,113.7,3445.5,0.502332414,1.417158243
2006,감자,대관령면,서류,490,13230,2700,1.344461394,1.048968946
2006,감자,대화면,서류,309,7416,2400,0.71299719,0.630785512
2006,감자,미탄면,서류,19,456,2400,0.126222605,0.184059304
2006,감자,방림면,서류,128,3261,2547,0.360069491,0.288436183
2006,감자,봉평면,서류,460,12420,2700,1.480858899,1.331786086
2006,감자,용평면,서류,342,9234,2700,1.5875542,1.551663503
2006,감자,진부면,서류,813,21951,2700,1.890494043,1.763937104
2006,감자,평창읍,서류,34,816,2400,0.101479581,0.28037253
2006,겉보리,대관령면,맥류,0,0,0,,
2006,겉보리,대화면,맥류,0,0,0,,
2006,겉보리,미탄면,맥류,0,0,0,,
2006,겉보리,방림면,맥류,0,0,0,,
2006,겉보리,봉평면,맥류,0,0,0,,
2006,겉보리,용평면,맥류,0,0,0,,
2006,겉보리,진부면,맥류,0,0,0,,
2006,겉보리,평창읍,맥류,0,0,0,,
2006,고구마,대관령면,서류,0,0,0,0,0
2006,고구마,대화면,서류,1.5,19.5,1300,1.122710987,1.096984998
2006,고구마,미탄면,서류,0,0,0,0,0
2006,고구마,방림면,서류,0,0,0,0,0
2006,고구마,봉평면,서류,0,0,0,0,0
2006,고구마,용평면,서류,0,0,0,0,0
2006,고구마,진부면,서류,0,0,0,0,0
2006,고구마,평창읍,서류,6.5,84.5,1300,6.293039821,19.20242597
2006,고추,대관령면,조미채류,2.1,4.4,210.1,0.023896966,0.018259187
2006,고추,대화면,조미채류,102.7,215.7,210.1,0.982813219,0.960258363
2006,고추,미탄면,조미채류,100.5,211.1,210.1,2.7689863,4.459715254
2006,고추,방림면,조미채류,86.6,181.9,210.1,1.01033513,0.842088244
2006,고추,봉평면,조미채류,17,35.7,210.1,0.22697393,0.200358171
2006,고추,용평면,조미채류,42,88.2,210.1,0.808579922,0.775715063
2006,고추,진부면,조미채류,73.4,154.2,210.1,0.7078676,0.64854352
2006,고추,평창읍,조미채류,201.4,423,210.1,2.493046744,7.606968789
2006,기타과실류,대관령면,과실류,0,0,0,,
2006,기타과실류,대화면,과실류,0,0,0,,
2006,기타과실류,미탄면,과실류,0,0,0,,
2006,기타과실류,방림면,과실류,0,0,0,,
2006,기타과실류,봉평면,과실류,0,0,0,,
2006,기타과실류,용평면,과실류,0,0,0,,
2006,기타과실류,진부면,과실류,0,0,0,,
2006,기타과실류,평창읍,과실류,0,0,0,,
2006,기타두류,대관령면,두류,0,0,0,0,0
2006,기타두류,대화면,두류,0,0,0,0,0
2006,기타두류,미탄면,두류,2,2,100,6.89574021,11.10555715
2006,기타두류,방림면,두류,1,1,100,1.459969263,1.216792052
2006,기타두류,봉평면,두류,0,0,0,0,0
2006,기타두류,용평면,두류,0,0,0,0,0
2006,기타두류,진부면,두류,0,0,0,0,0
2006,기타두류,평창읍,두류,2,2,100,3.098111912,9.453502017
2006,기타잡곡,대관령면,잡곡,0,0,0,0,0
2006,기타잡곡,대화면,잡곡,3,3,100,3.592675159,3.510351992
2006,기타잡곡,미탄면,잡곡,1,1,100,3.447870105,5.552778576
2006,기타잡곡,방림면,잡곡,0,0,0,0,0
2006,기타잡곡,봉평면,잡곡,0,0,0,0,0
2006,기타잡곡,용평면,잡곡,0,0,0,0,0
2006,기타잡곡,진부면,잡곡,0,0,0,0,0
2006,기타잡곡,평창읍,잡곡,1,1,100,1.549055956,4.726751008
2006,녹두,대관령면,두류,0,0,0,,
2006,녹두,대화면,두류,0,0,0,,
2006,녹두,미탄면,두류,0,0,0,,
2006,녹두,방림면,두류,0,0,0,,
2006,녹두,봉평면,두류,0,0,0,,
2006,녹두,용평면,두류,0,0,0,,
2006,녹두,진부면,두류,0,0,0,,
2006,녹두,평창읍,두류,0,0,0,,
2006,논벼,대관령면,미곡,0,0,0,0,0
2006,논벼,대화면,미곡,196,887,452,1.436483744,1.41441002
2006,논벼,미탄면,미곡,27,126,466,0.569721498,0.953461571
2006,논벼,방림면,미곡,80,340,425,0.714795233,0.563790266
2006,논벼,봉평면,미곡,82,361,440,0.83846513,0.725704465
2006,논벼,용평면,미곡,41,175,426,0.604507395,0.551296759
2006,논벼,진부면,미곡,24,102,425,0.177260233,0.153662776
2006,논벼,평창읍,미곡,367,1678,457,3.479213806,10.8087874
2006,당근,대관령면,근채류,143.4,4674.8,3260,5.177640097,3.965855138
2006,당근,대화면,근채류,0,0,0,0,0
2006,당근,미탄면,근채류,0,0,0,0,0
2006,당근,방림면,근채류,0,0,0,0,0
2006,당근,봉평면,근채류,0.7,22.8,3260,0.029654072,0.026158856
2006,당근,용평면,근채류,1,32.6,3260,0.061084765,0.058613317
2006,당근,진부면,근채류,52.1,1698.4,3260,1.594237213,1.460292285
2006,당근,평창읍,근채류,0,0,0,0,0
2006,들깨,대관령면,특용작물,0.7,0.4,62,0.031505123,0.022214611
2006,들깨,대화면,특용작물,14.5,9,62,0.548817845,0.536204479
2006,들깨,미탄면,특용작물,36.3,22.5,62,3.95567904,6.361380751
2006,들깨,방림면,특용작물,7.4,4.6,62,0.341459309,0.284992028
2006,들깨,봉평면,특용작물,6.4,4,62,0.337961092,0.300433812
2006,들깨,용평면,특용작물,13,8.1,62,0.989866646,0.9533857
2006,들깨,진부면,특용작물,23.2,14.4,62,0.884919235,0.810526499
2006,들깨,평창읍,특용작물,56.7,35.2,62,2.775963107,8.471570035
2006,딸기,대관령면,과채류,8.3,154.5,1861.4,3.670640352,2.887575919
2006,딸기,대화면,과채류,3,52.8,1760,1.115737627,1.058639395
2006,딸기,미탄면,과채류,0,0,0,0,0
2006,딸기,방림면,과채류,4.8,84.5,1760,2.176351697,1.761804804
2006,딸기,봉평면,과채류,0,0,0,0,0
2006,딸기,용평면,과채류,0,0,0,0,0
2006,딸기,진부면,과채류,0,0,0,0,0
2006,딸기,평창읍,과채류,0,0,0,0,0
2006,마늘,대관령면,조미채류,0,0,700,0,0
2006,마늘,대화면,조미채류,0.6,4.2,700,0.997965322,0.975097776
2006,마늘,미탄면,조미채류,0.2,1.4,700,0.957741696,1.542438493
2006,마늘,방림면,조미채류,0.5,3.5,700,1.013867544,0.84499448
2006,마늘,봉평면,조미채류,0,0,700,0,0
2006,마늘,용평면,조미채류,0,0,700,0,0
2006,마늘,진부면,조미채류,0,0,700,0,0
2006,마늘,평창읍,조미채류,2.3,16.1,700,4.948373193,15.0993435
2006,메밀,대관령면,잡곡,0,0,0,0,0
2006,메밀,대화면,잡곡,6,4,70,0.718535032,0.668638475
2006,메밀,미탄면,잡곡,0,0,0,0,0
2006,메밀,방림면,잡곡,0,0,0,0,0
2006,메밀,봉평면,잡곡,36,25,70,6.014862538,5.268321493
2006,메밀,용평면,잡곡,4,3,70,0.963673251,0.99071403
2006,메밀,진부면,잡곡,4,3,70,0.4827387,0.473772037
2006,메밀,평창읍,잡곡,0,0,0,0,0
2006,무,대관령면,근채류,106.9,3209.1,3002,1.711976761,1.311302294
2006,무,대화면,근채류,64.1,1924.2,3002,0.863287141,0.843488142
2006,무,미탄면,근채류,15.2,456.3,3002,0.589379505,0.949205365
2006,무,방림면,근채류,50.1,1504,3002,0.82258727,0.685588556
2006,무,봉평면,근채류,68.9,2068.3,3002,1.294621973,1.142992004
2006,무,용평면,근채류,36.4,1092.7,3002,0.986215316,0.946292506
2006,무,진부면,근채류,76.9,2308.5,3002,1.043707997,0.956038645
2006,무,평창읍,근채류,26.1,783.5,3002,0.454682416,1.38739807
2006,배,대관령면,과실류,0,0,0,0,0
2006,배,대화면,과실류,0,0,0,0,0
2006,배,미탄면,과실류,2.4,29.5,1230,11.82126893,19.04732186
2006,배,방림면,과실류,0,0,0,0,0
2006,배,봉평면,과실류,0,0,0,0,0
2006,배,용평면,과실류,0,0,0,0,0
2006,배,진부면,과실류,0,0,0,0,0
2006,배,평창읍,과실류,1.1,13.5,1230,2.434230788,7.419899839
2006,배추,대관령면,엽채류,377.3,16148,4280,1.28648383,0.985366425
2006,배추,대화면,엽채류,397.5,17013,4280,1.139808109,1.113702316
2006,배추,미탄면,엽채류,69.4,2970,4280,0.57293886,0.92262584
2006,배추,방림면,엽채류,607.8,26014,4280,2.124723011,1.770852173
2006,배추,봉평면,엽채류,187.6,8029,4280,0.750505627,0.662598682
2006,배추,용평면,엽채류,150.7,6450,4280,0.869322616,0.834148978
2006,배추,진부면,엽채류,239.6,10255,4280,0.692367784,0.634221094
2006,배추,평창읍,엽채류,58.3,2495,4280,0.216238776,0.659769271
2006,복숭아,대관령면,과실류,0,0,0,0,0
2006,복숭아,대화면,과실류,0,0,0,0,0
2006,복숭아,미탄면,과실류,1,12.1,1210,5.561080815,8.934657016
2006,복숭아,방림면,과실류,1.6,19.4,1210,3.767662615,3.139064601
2006,복숭아,봉평면,과실류,0,0,0,0,0
2006,복숭아,용평면,과실류,0,0,0,0,0
2006,복숭아,진부면,과실류,0,0,0,0,0
2006,복숭아,평창읍,과실류,0.5,6.1,1210,1.249238674,3.834199621
2006,사과,대관령면,과실류,0,0,0,0,0
2006,사과,대화면,과실류,0,0,0,0,0
2006,사과,미탄면,과실류,1.8,8.3,461,2.386986996,3.847083654
2006,사과,방림면,과실류,0.5,2.3,461,0.28076332,0.233607823
2006,사과,봉평면,과실류,0,0,0,0,0
2006,사과,용평면,과실류,0,0,0,0,0
2006,사과,진부면,과실류,2.2,10.1,461,1.02117802,0.931988954
2006,사과,평창읍,과실류,8.5,39.2,461,5.064221395,15.46649746
2006,상추,대관령면,엽채류,10.1,293.9,2910,1.263859292,0.968014634
2006,상추,대화면,엽채류,6.3,183.3,2910,0.66297169,0.647670331
2006,상추,미탄면,엽채류,1.5,43.7,2910,0.454464425,0.73274678
2006,상추,방림면,엽채류,10.1,293.9,2910,1.295754794,1.079886411
2006,상추,봉평면,엽채류,3.6,104.8,2910,0.528546796,0.466824574
2006,상추,용평면,엽채류,4,116.4,2910,0.84681305,0.812531497
2006,상추,진부면,엽채류,21.3,619.8,2910,2.25886079,2.06899722
2006,상추,평창읍,엽채류,0,0,0,0,0
2006,생강,대관령면,조미채류,0,0,0,0,0
2006,생강,대화면,조미채류,0,0,0,0,0
2006,생강,미탄면,조미채류,0,0,0,0,0
2006,생강,방림면,조미채류,0,0,0,0,0
2006,생강,봉평면,조미채류,0.1,1.2,1200,1.193425107,1.053664299
2006,생강,용평면,조미채류,0,0,0,0,0
2006,생강,진부면,조미채류,0.2,2.4,1200,1.724066786,1.579240122
2006,생강,평창읍,조미채류,0.4,4.8,1200,4.42587416,13.50500288
2006,수박,대관령면,과채류,0,0,0,0,0
2006,수박,대화면,과채류,0,0,0,0,0
2006,수박,미탄면,과채류,0,0,0,0,0
2006,수박,방림면,과채류,0,0,0,0,0
2006,수박,봉평면,과채류,0,0,0,0,0
2006,수박,용평면,과채류,0,0,0,0,0
2006,수박,진부면,과채류,0,0,0,0,0
2006,수박,평창읍,과채류,9.9,403.4,4034,7.74527978,23.63375504
2006,수수,대관령면,잡곡,0,0,0,0,0
2006,수수,대화면,잡곡,4,5,150,1.197558386,0.975097776
2006,수수,미탄면,잡곡,3,5,150,2.585902579,4.62731548
2006,수수,방림면,잡곡,0,0,0,0,0
2006,수수,봉평면,잡곡,0,0,0,0,0
2006,수수,용평면,잡곡,3,5,150,1.806887347,1.926388391
2006,수수,진부면,잡곡,0,0,0,0,0
2006,수수,평창읍,잡곡,10,15,150,3.87263989,11.81687752
2006,시금치,대관령면,엽채류,0,0,0,0,0
2006,시금치,대화면,엽채류,0,0,0,0,0
2006,시금치,미탄면,엽채류,0,0,0,0,0
2006,시금치,방림면,엽채류,0,0,0,0,0
2006,시금치,봉평면,엽채류,0,0,0,0,0
2006,시금치,용평면,엽채류,1.3,17.7,1360,4.120971141,3.957107294
2006,시금치,진부면,엽채류,2.5,34,1360,3.969890627,3.635001442
2006,시금치,평창읍,엽채류,0,0,0,0,0
2006,양배추,대관령면,엽채류,45.4,2773.9,6110,0.589774063,0.451735294
2006,양배추,대화면,엽채류,176,10753.6,6110,1.922735596,1.878695098
2006,양배추,미탄면,엽채류,50.4,3079.4,6100,1.585227635,2.552992115
2006,양배추,방림면,엽채류,56.4,3446,6110,0.751160978,0.6260437
2006,양배추,봉평면,엽채류,129.6,7918.5,6110,1.975324315,1.74399901
2006,양배추,용평면,엽채류,40,2444,6110,0.879103495,0.843527629
2006,양배추,진부면,엽채류,30.8,1881.8,6110,0.339088487,0.310593731
2006,양배추,평창읍,엽채류,19.5,1191.4,6110,0.275557299,0.840801221
2006,양파,대관령면,조미채류,0,0,0,0,0
2006,양파,대화면,조미채류,0,0,0,0,0
2006,양파,미탄면,조미채류,0,0,0,0,0
2006,양파,방림면,조미채류,0,0,0,0,0
2006,양파,봉평면,조미채류,0.1,5.1,5161,1.193425107,1.044883763
2006,양파,용평면,조미채류,0,0,0,0,0
2006,양파,진부면,조미채류,0.2,10.3,5161,1.724066786,1.581433511
2006,양파,평창읍,조미채류,0.4,20.6,5161,4.42587416,13.52375983
2006,오이,대관령면,과채류,0,0,0,0,0
2006,오이,대화면,과채류,0.7,28,4000,1.746439314,1.706421107
2006,오이,미탄면,과채류,0,0,0,0,0
2006,오이,방림면,과채류,1.3,52,4000,3.954083421,3.295478473
2006,오이,봉평면,과채류,0,0,0,0,0
2006,오이,용평면,과채류,0.4,16,4000,2.007652607,1.926388391
2006,오이,진부면,과채류,0,0,0,0,0
2006,오이,평창읍,과채류,0,0,0,0,0
2006,옥수수,대관령면,잡곡,10,48,481,0.114841255,0.087785707
2006,옥수수,대화면,잡곡,100,481,481,0.965772892,0.943706298
2006,옥수수,미탄면,잡곡,90,433,481,2.502486367,4.031443869
2006,옥수수,방림면,잡곡,55,265,481,0.647567012,0.540660452
2006,옥수수,봉평면,잡곡,41,197,481,0.552440332,0.487257903
2006,옥수수,용평면,잡곡,45,216,481,0.874300329,0.837223124
2006,옥수수,진부면,잡곡,23,111,481,0.223850607,0.205746072
2006,옥수수,평창읍,잡곡,256,1231,481,3.198051006,9.756255016
2006,자두,대관령면,과실류,0,0,0,,
2006,자두,대화면,과실류,0,0,0,,
2006,자두,미탄면,과실류,0,0,0,,
2006,자두,방림면,과실류,0,0,0,,
2006,자두,봉평면,과실류,0,0,0,,
2006,자두,용평면,과실류,0,0,0,,
2006,자두,진부면,과실류,0,0,0,,
2006,자두,평창읍,과실류,0,0,0,,
2006,조,대관령면,잡곡,0,0,0,0,0
2006,조,대화면,잡곡,1,1,120,1.197558386,0.975097776
2006,조,미탄면,잡곡,0,0,0,0,0
2006,조,방림면,잡곡,1,1,120,1.459969263,1.013993376
2006,조,봉평면,잡곡,1,1,120,1.670795149,1.229275015
2006,조,용평면,잡곡,1,1,120,2.409183129,1.926388391
2006,조,진부면,잡곡,0,0,0,0,0
2006,조,평창읍,잡곡,1,2,120,1.549055956,7.877918347
2006,참깨,대관령면,특용작물,0.1,0.1,55,0.025891483,0.03587952
2006,참깨,대화면,특용작물,0.8,0.4,55,0.174190311,0.153962807
2006,참깨,미탄면,특용작물,23.6,13,55,14.79449718,23.7454347
2006,참깨,방림면,특용작물,0,0,0,0,0
2006,참깨,봉평면,특용작물,0,0,55,0,0
2006,참깨,용평면,특용작물,0.1,0.1,55,0.04380333,0.076041647
2006,참깨,진부면,특용작물,0,0,0,0,0
2006,참깨,평창읍,특용작물,2.9,1.6,55,0.816774959,2.487763689
2006,콩,대관령면,두류,7,11,160,0.155753452,0.117169058
2006,콩,대화면,두류,78,125,160,1.459524283,1.428365882
2006,콩,미탄면,두류,49,78,160,2.639775549,4.229655556
2006,콩,방림면,두류,59,94,160,1.345909164,1.116977079
2006,콩,봉평면,두류,31,50,160,0.809291401,0.720278329
2006,콩,용평면,두류,17,27,160,0.639939269,0.609521327
2006,콩,진부면,두류,21,34,160,0.39599659,0.36704995
2006,콩,평창읍,두류,58,93,160,1.40383196,4.292850037
2006,토마토,대관령면,과채류,0.1,4,7506,0.053135506,0.021688952
2006,토마토,대화면,과채류,0.9,41.4,7506,0.40216513,0.240817546
2006,토마토,미탄면,과채류,0,0,0,0,0
2006,토마토,방림면,과채류,5.6,473.8,7506,3.050682042,2.865957815
2006,토마토,봉평면,과채류,0,0,0,0,0
2006,토마토,용평면,과채류,2,104,7506,1.797897857,1.195134575
2006,토마토,진부면,과채류,2.3,202.6,7506,1.035726689,1.113381558
2006,토마토,평창읍,과채류,2.5,180,7506,1.445014884,4.229544549
2006,파,대관령면,조미채류,63.1,1968.7,3120,3.068865824,2.350564561
2006,파,대화면,조미채류,0,0,0,0,0
2006,파,미탄면,조미채류,0,0,0,0,0
2006,파,방림면,조미채류,0,0,0,0,0
2006,파,봉평면,조미채류,2.3,71.8,3120,0.131244155,0.115938366
2006,파,용평면,조미채류,1,31.2,3120,0.082280845,0.078949998
2006,파,진부면,조미채류,80,2496,3120,3.297395493,3.02039138
2006,파,평창읍,조미채류,0,0,0,0,0
2006,팥,대관령면,두류,2,3,130,0.129457414,0.114413016
2006,팥,대화면,두류,28,36,130,1.524165219,1.472874962
2006,팥,미탄면,두류,18,23,130,2.820984631,4.465521232
2006,팥,방림면,두류,17,22,130,1.128158067,0.935993886
2006,팥,봉평면,두류,9,12,130,0.683507107,0.618935672
2006,팥,용평면,두류,4,5,130,0.438033296,0.404137425
2006,팥,진부면,두류,2,3,130,0.109713341,0.115958191
2006,팥,평창읍,두류,30,39,130,2.112349031,6.445569557
2006,포도,대관령면,과실류,0.3,5.4,1800,0.577310091,0.442190844
2006,포도,대화면,과실류,0,0,0,0,0
2006,포도,미탄면,과실류,0,0,0,0,0
2006,포도,방림면,과실류,0,0,0,0,0
2006,포도,봉평면,과실류,0,0,0,0,0
2006,포도,용평면,과실류,0,0,0,0,0
2006,포도,진부면,과실류,0.1,1.8,1800,0.163087399,0.149387579
2006,포도,평창읍,과실류,3.3,59.4,1800,6.907952236,21.0787545
2006,호박,대관령면,과채류,0.7,14,2000,0.048342487,0.022942193
2006,호박,대화면,과채류,13.6,454,3340,0.789854222,0.798126905
2006,호박,미탄면,과채류,12.2,385.5,3160,2.039961944,3.216039875
2006,호박,방림면,과채류,62.6,2072,3310,4.432302419,3.787850257
2006,호박,봉평면,과채류,4,130,3260,0.324111571,0.288111332
2006,호박,용평면,과채류,0.3,6.6,2200,0.035051161,0.02292217
2006,호박,진부면,과채류,3.8,83,2180,0.222406288,0.137851339
2006,호박,평창읍,과채류,5.9,182.9,3100,0.443231336,1.298862319
2007,감자,대관령면,서류,417.6,12528,3000,1.569194966,1.245309348
2007,감자,대화면,서류,287,6888,2400,0.904160822,0.79736464
2007,감자,미탄면,서류,10,252,2520,0.058472887,0.074757786
2007,감자,방림면,서류,99,2707,2735,0.424674913,0.345620339
2007,감자,봉평면,서류,231,6930,3000,1.09507333,0.980998419
2007,감자,용평면,서류,250,7500,3000,1.682978527,1.577153789
2007,감자,진부면,서류,644.4,19332,3000,2.012555967,1.687080157
2007,감자,평창읍,서류,26,624,2400,0.087355272,0.174266243
2007,겉보리,대관령면,맥류,0,0,0,,
2007,겉보리,대화면,맥류,0,0,0,,
2007,겉보리,미탄면,맥류,0,0,0,,
2007,겉보리,방림면,맥류,0,0,0,,
2007,겉보리,봉평면,맥류,0,0,0,,
2007,겉보리,용평면,맥류,0,0,0,,
2007,겉보리,진부면,맥류,0,0,0,,
2007,겉보리,평창읍,맥류,0,0,0,,
2007,고구마,대관령면,서류,0,0,0,0,0
2007,고구마,대화면,서류,2,26,1300,1.673110477,1.761227614
2007,고구마,미탄면,서류,0.2,3,1300,0.310538439,0.520781381
2007,고구마,방림면,서류,0.2,3,1300,0.227814961,0.224135472
2007,고구마,봉평면,서류,1,13,1300,1.258815429,1.07685376
2007,고구마,용평면,서류,0,0,0,0,0
2007,고구마,진부면,서류,0,0,0,0,0
2007,고구마,평창읍,서류,4,52,1300,3.568671717,8.497874744
2007,고추,대관령면,조미채류,1.3,3.8,292,0.01457916,0.011151097
2007,고추,대화면,조미채류,103,300.8,292,0.968442288,1.027969379
2007,고추,미탄면,조미채류,109.2,318.9,292,1.90567969,2.792858426
2007,고추,방림면,조미채류,114.5,334.3,292,1.465884088,1.260044619
2007,고추,봉평면,조미채류,22.1,64.6,292,0.31267721,0.269964154
2007,고추,용평면,조미채류,38.5,112.4,292,0.773520857,0.697778531
2007,고추,진부면,조미채류,71.3,208.3,292,0.66459137,0.536644537
2007,고추,평창읍,조미채류,198.5,579.6,292,1.990439659,4.77854375
2007,기타과실류,대관령면,과실류,0,0,0,,
2007,기타과실류,대화면,과실류,0,0,0,,
2007,기타과실류,미탄면,과실류,0,0,0,,
2007,기타과실류,방림면,과실류,0,0,0,,
2007,기타과실류,봉평면,과실류,0,0,0,,
2007,기타과실류,용평면,과실류,0,0,0,,
2007,기타과실류,진부면,과실류,0,0,0,,
2007,기타과실류,평창읍,과실류,0,0,0,,
2007,기타두류,대관령면,두류,0.1,0.1,100,0.092297297,0.069656319
2007,기타두류,대화면,두류,0,0,0,0,0
2007,기타두류,미탄면,두류,1,1,100,1.436240279,2.078839257
2007,기타두류,방림면,두류,2.2,2,100,2.318017231,1.789394303
2007,기타두류,봉평면,두류,0,0,0,0,0
2007,기타두류,용평면,두류,0,0,0,0,0
2007,기타두류,진부면,두류,2.7,3,100,2.071232093,1.834616119
2007,기타두류,평창읍,두류,2,2,100,1.650510669,3.914025879
2007,기타잡곡,대관령면,잡곡,0,0,0,0,0
2007,기타잡곡,대화면,잡곡,1,1,100,1.031751461,1.095122298
2007,기타잡곡,미탄면,잡곡,0,0,100,0,0
2007,기타잡곡,방림면,잡곡,0,0,0,0,0
2007,기타잡곡,봉평면,잡곡,4,4,100,6.210156116,5.356657167
2007,기타잡곡,용평면,잡곡,0,0,0,0,0
2007,기타잡곡,진부면,잡곡,0,0,0,0,0
2007,기타잡곡,평창읍,잡곡,1,1,100,1.100340446,2.641967468
2007,녹두,대관령면,두류,0,0,0,0,0
2007,녹두,대화면,두류,0,0,0,0,0
2007,녹두,미탄면,두류,0.4,0.4,90,3.282834924,5.181107071
2007,녹두,방림면,두류,0,0,0,0,0
2007,녹두,봉평면,두류,1,0.9,90,6.653738696,5.562682443
2007,녹두,용평면,두류,0,0,0,0,0
2007,녹두,진부면,두류,0,0,0,0,0
2007,녹두,평창읍,두류,0,0,0,0,0
2007,논벼,대관령면,미곡,0,0,0,0,0
2007,논벼,대화면,미곡,166,725,0,1.453499936,1.544175688
2007,논벼,미탄면,미곡,26,113,0,0.422543109,0.616778467
2007,논벼,방림면,미곡,64,276,0,0.763035118,0.648358169
2007,논벼,봉평면,미곡,73,317,0,0.961827574,0.82563711
2007,논벼,용평면,미곡,36,156,0,0.673572283,0.603576397
2007,논벼,진부면,미곡,6,26,0,0.052081901,0.04174718
2007,논벼,평창읍,미곡,336,1472,0,3.137604441,7.563648843
2007,당근,대관령면,근채류,129.4,3694.4,2855,6.140498854,4.69214902
2007,당근,대화면,근채류,0,0,0,0,0
2007,당근,미탄면,근채류,0,0,0,0,0
2007,당근,방림면,근채류,0,0,0,0,0
2007,당근,봉평면,근채류,0.2,5.4,2855,0.011973309,0.009767001
2007,당근,용평면,근채류,0,0,0,0,0
2007,당근,진부면,근채류,26,742.6,2855,1.025460048,0.828030347
2007,당근,평창읍,근채류,0,0,0,0,0
2007,들깨,대관령면,특용작물,0,0,0,0,0
2007,들깨,대화면,특용작물,14.3,10.7,75,0.641945434,0.679293252
2007,들깨,미탄면,특용작물,36.1,27.1,75,3.007876669,4.408946911
2007,들깨,방림면,특용작물,13,9.8,75,0.794626515,0.686193815
2007,들깨,봉평면,특용작물,6.6,5,75,0.445834268,0.388163563
2007,들깨,용평면,특용작물,9.9,7.4,75,0.949668536,0.853403046
2007,들깨,진부면,특용작물,16.5,12.4,75,0.734301926,0.593458432
2007,들깨,평창읍,특용작물,41.5,31.1,75,1.986836629,4.76319932
2007,딸기,대관령면,과채류,1.7,30.6,1800,0.936748689,0.715796655
2007,딸기,대화면,과채류,3,54,1800,1.385934798,1.471059804
2007,딸기,미탄면,과채류,0,0,0,0,0
2007,딸기,방림면,과채류,8.7,156.6,1800,5.472659406,4.705172259
2007,딸기,봉평면,과채류,0,0,0,0,0
2007,딸기,용평면,과채류,0,0,0,0,0
2007,딸기,진부면,과채류,0,0,0,0,0
2007,딸기,평창읍,과채류,0,0,0,0,0
2007,마늘,대관령면,조미채류,0,0,700,0,0
2007,마늘,대화면,조미채류,0.6,4.2,700,0.773813596,0.821341724
2007,마늘,미탄면,조미채류,1.2,8.4,700,2.872480559,4.209649495
2007,마늘,방림면,조미채류,0.2,1.4,700,0.351214732,0.301960289
2007,마늘,봉평면,조미채류,0,0,700,0,0
2007,마늘,용평면,조미채류,0,0,700,0,0
2007,마늘,진부면,조미채류,0,0,700,0,0
2007,마늘,평창읍,조미채류,2.8,19.6,700,3.851191562,9.246886139
2007,메밀,대관령면,잡곡,0,0,0,0,0
2007,메밀,대화면,잡곡,5,4,70,0.576397464,0.730081532
2007,메밀,미탄면,잡곡,1.7,0,0,0.363740555,0
2007,메밀,방림면,잡곡,2,0,0,0.313934956,0
2007,메밀,봉평면,잡곡,40,28,70,6.938721917,6.249433362
2007,메밀,용평면,잡곡,5,4,70,1.231677022,1.326234463
2007,메밀,진부면,잡곡,0,0,70,0,0
2007,메밀,평창읍,잡곡,0,0,0,0,0
2007,무,대관령면,근채류,57.9,2316,4000,1.158907783,0.885554817
2007,무,대화면,근채류,53.8,2152,4000,0.902817489,0.958269119
2007,무,미탄면,근채류,12.8,512,4000,0.39867445,0.584261464
2007,무,방림면,근채류,32.9,1316,4000,0.751746144,0.646321073
2007,무,봉평면,근채류,67.9,2716,4000,1.714568719,1.478925271
2007,무,용평면,근채류,41,1640,4000,1.470199675,1.326593973
2007,무,진부면,근채류,100.8,4032,4000,1.676898848,1.353508059
2007,무,평창읍,근채류,1.8,72,4000,0.032213816,0.077346838
2007,배,대관령면,과실류,0,0,0,0,0
2007,배,대화면,과실류,0,0,0,0,0
2007,배,미탄면,과실류,3.5,63,1800,11.48992223,16.83859798
2007,배,방림면,과실류,0,0,0,0,0
2007,배,봉평면,과실류,0,0,0,0,0
2007,배,용평면,과실류,0,0,0,0,0
2007,배,진부면,과실류,0,0,0,0,0
2007,배,평창읍,과실류,0,0,0,0,0
2007,배추,대관령면,엽채류,235.2,10953.3,4657,1.513698201,1.156661188
2007,배추,대화면,엽채류,137.3,6394.1,4657,0.740832261,0.786337405
2007,배추,미탄면,엽채류,110,5122.7,4657,1.101622458,1.614434724
2007,배추,방림면,엽채류,299.6,13952.4,4657,2.201145654,1.892455302
2007,배추,봉평면,엽채류,76,3539.3,4657,0.617064235,0.532253009
2007,배추,용평면,엽채류,68,3166.8,4657,0.784030648,0.707455445
2007,배추,진부면,엽채류,101,4703.6,4657,0.540255715,0.436068775
2007,배추,평창읍,엽채류,120.2,5597.7,4657,0.691680929,1.660748903
2007,복숭아,대관령면,과실류,0,0,0,0,0
2007,복숭아,대화면,과실류,0,0,0,0,0
2007,복숭아,미탄면,과실류,0.3,3.9,1300,1.111927958,1.62954174
2007,복숭아,방림면,과실류,0.4,5.2,1300,1.087632719,0.935102829
2007,복숭아,봉평면,과실류,0,0,0,0,0
2007,복숭아,용평면,과실류,0,0,0,0,0
2007,복숭아,진부면,과실류,0,0,0,0,0
2007,복숭아,평창읍,과실류,2.4,31.2,1300,5.111258847,12.27236501
2007,사과,대관령면,과실류,0,0,0,0,0
2007,사과,대화면,과실류,0,0,0,0,0
2007,사과,미탄면,과실류,3,45,1500,2.651520516,3.885830303
2007,사과,방림면,과실류,0.4,6,1500,0.259358571,0.222986059
2007,사과,봉평면,과실류,0,0,0,0,0
2007,사과,용평면,과실류,0,0,0,0,0
2007,사과,진부면,과실류,2.1,31.5,1500,0.99135895,0.800174877
2007,사과,평창읍,과실류,7.5,112.5,1500,3.808870775,9.145272006
2007,상추,대관령면,엽채류,21,0,0,2.283644469,0
2007,상추,대화면,엽채류,6.3,262.3,4164,0.574377102,0.882942353
2007,상추,미탄면,엽채류,0,0,4164,0,0
2007,상추,방림면,엽채류,9.6,399.7,4164,1.191750725,1.483936812
2007,상추,봉평면,엽채류,4.3,178.6,4164,0.589919101,0.735168266
2007,상추,용평면,엽채류,2,83.3,4164,0.389638033,0.509363718
2007,상추,진부면,엽채류,24.7,1028.1,4164,2.232452199,2.608942544
2007,상추,평창읍,엽채류,0,0,4164,0,0
2007,생강,대관령면,조미채류,0,0,0,0,0
2007,생강,대화면,조미채류,0,0,0,0,0
2007,생강,미탄면,조미채류,0,0,0,0,0
2007,생강,방림면,조미채류,0.1,1.3,1292,0.702429464,0.607816839
2007,생강,봉평면,조미채류,0.1,1.3,1292,0.776269514,0.673902031
2007,생강,용평면,조미채류,0,0,0,0,0
2007,생강,진부면,조미채류,0.3,3.9,1292,1.534245995,1.246355338
2007,생강,평창읍,조미채류,0.7,9,1292,3.851191562,9.204273761
2007,수박,대관령면,과채류,0,0,0,0,0
2007,수박,대화면,과채류,0,0,0,0,0
2007,수박,미탄면,과채류,0,0,0,0,0
2007,수박,방림면,과채류,0,0,0,0,0
2007,수박,봉평면,과채류,0,0,0,0,0
2007,수박,용평면,과채류,0,0,0,0,0
2007,수박,진부면,과채류,0,0,0,0,0
2007,수박,평창읍,과채류,2.2,88,4000,6.602042677,15.85180481
2007,수수,대관령면,잡곡,0,0,0,0,0
2007,수수,대화면,잡곡,3,5,150,0.867828331,0.995565726
2007,수수,미탄면,잡곡,3.2,5,150,1.718119213,2.551302724
2007,수수,방림면,잡곡,0,0,0,0,0
2007,수수,봉평면,잡곡,0,0,0,0,0
2007,수수,용평면,잡곡,5,8,150,3.090703556,2.893602464
2007,수수,진부면,잡곡,0.2,0,0,0.05735499,0
2007,수수,평창읍,잡곡,10,15,150,3.085066672,7.205365823
2007,시금치,대관령면,엽채류,0,0,0,0,0
2007,시금치,대화면,엽채류,0,0,0,0,0
2007,시금치,미탄면,엽채류,0,0,0,0,0
2007,시금치,방림면,엽채류,0,0,0,0,0
2007,시금치,봉평면,엽채류,0,0,0,0,0
2007,시금치,용평면,엽채류,2.1,40.2,1915,9.579049503,8.756051616
2007,시금치,진부면,엽채류,0.8,14.6,1915,1.692961098,1.319718384
2007,시금치,평창읍,엽채류,0,0,0,0,0
2007,양배추,대관령면,엽채류,41.3,0,0,0.558721638,0
2007,양배추,대화면,엽채류,180,9201.6,5112,2.041574895,2.344232171
2007,양배추,미탄면,엽채류,53.5,2734.9,5112,1.126256577,1.785544913
2007,양배추,방림면,엽채류,38,1942.6,5112,0.586859354,0.545843141
2007,양배추,봉평면,엽채류,151.9,7765.1,5112,2.59249555,2.419109701
2007,양배추,용평면,엽채류,36,1840.3,5112,0.872509351,0.851676852
2007,양배추,진부면,엽채류,31.7,1622,5112,0.35643531,0.311518052
2007,양배추,평창읍,엽채류,13.4,685,5112,0.162087526,0.421010267
2007,양파,대관령면,조미채류,4.5,0,0,1.450961879,0
2007,양파,대화면,조미채류,1,68.4,6836,0.270327894,0.356696977
2007,양파,미탄면,조미채류,0,0,0,0,0
2007,양파,방림면,조미채류,0.7,47.9,6836,0.257659716,0.275502816
2007,양파,봉평면,조미채류,0.1,8.9,6836,0.040677878,0.056755058
2007,양파,용평면,조미채류,0,0,0,0,0
2007,양파,진부면,조미채류,14.2,970.7,6836,3.805466048,3.816132572
2007,양파,평창읍,조미채류,2.4,164.1,6836,0.691917136,2.064508865
2007,오이,대관령면,과채류,0,0,0,0,0
2007,오이,대화면,과채류,0.7,70.1,10011,4.333356135,4.601482904
2007,오이,미탄면,과채류,0,0,0,0,0
2007,오이,방림면,과채류,0.3,30,10011,2.528746071,2.171942136
2007,오이,봉평면,과채류,0,0,0,0,0
2007,오이,용평면,과채류,0,0,0,0,0
2007,오이,진부면,과채류,0,0,10011,0,0
2007,오이,평창읍,과채류,0,0,10011,0,0
2007,옥수수,대관령면,잡곡,4.5,22,481,0.060423763,0.046946884
2007,옥수수,대화면,잡곡,72,346,481,0.810541246,0.859861532
2007,옥수수,미탄면,잡곡,128.3,617,481,2.680772909,3.929430769
2007,옥수수,방림면,잡곡,37.1,178,481,0.56868812,0.487887426
2007,옥수수,봉평면,잡곡,59,284,481,0.999452294,0.86306201
2007,옥수수,용평면,잡곡,20,96,481,0.481113338,0.433383728
2007,옥수수,진부면,잡곡,36,173,481,0.401766545,0.324110889
2007,옥수수,평창읍,잡곡,193,928,481,2.317138092,5.563719691
2007,자두,대관령면,과실류,0,0,0,,
2007,자두,대화면,과실류,0,0,0,,
2007,자두,미탄면,과실류,0,0,0,,
2007,자두,방림면,과실류,0,0,0,,
2007,자두,봉평면,과실류,0,0,0,,
2007,자두,용평면,과실류,0,0,0,,
2007,자두,진부면,과실류,0,0,0,,
2007,자두,평창읍,과실류,0,0,0,,
2007,조,대관령면,잡곡,0.2,0.2,120,0.217170111,0.137613704
2007,조,대화면,잡곡,1,1,120,0.910368936,0.801308999
2007,조,미탄면,잡곡,0.2,0,0,0.337938889,0
2007,조,방림면,잡곡,0.3,0,120,0.371874422,0
2007,조,봉평면,잡곡,1,1,120,1.369887379,0.979876311
2007,조,용평면,잡곡,3,4,120,5.835975538,5.822492763
2007,조,진부면,잡곡,0.1,0,0,0.090249764,0
2007,조,평창읍,잡곡,1,2,120,0.970888629,3.866293856
2007,참깨,대관령면,특용작물,0,0,0,0,0
2007,참깨,대화면,특용작물,1,0.6,60,0.214948221,0.227886721
2007,참깨,미탄면,특용작물,23.3,14,60,9.295666252,13.62661108
2007,참깨,방림면,특용작물,0,0,0,0,0
2007,참깨,봉평면,특용작물,0,0,0,0,0
2007,참깨,용평면,특용작물,1,0.6,60,0.45931289,0.413969139
2007,참깨,진부면,특용작물,0,0,0,0,0
2007,참깨,평창읍,특용작물,3.5,2.1,60,0.802331575,1.92420752
2007,콩,대관령면,두류,2.8,4,160,0.064628304,0.044165651
2007,콩,대화면,두류,82,131,160,1.58681375,1.684473829
2007,콩,미탄면,두류,67.4,108,160,2.420821377,3.558842626
2007,콩,방림면,두류,27.3,44,160,0.719336957,0.624011869
2007,콩,봉평면,두류,27,43,160,0.786218577,0.67613383
2007,콩,용평면,두류,20,32,160,0.827021645,0.747466781
2007,콩,진부면,두류,13.4,21,160,0.257066537,0.203566994
2007,콩,평창읍,두류,80,128,160,1.651026615,3.970706489
2007,토마토,대관령면,과채류,0,0,0,0,0
2007,토마토,대화면,과채류,0.5,39.9,7986,0.241816749,0.255877687
2007,토마토,미탄면,과채류,0,0,0,0,0
2007,토마토,방림면,과채류,4.9,391.3,7986,3.22678535,2.767684426
2007,토마토,봉평면,과채류,0,0,0,0,0
2007,토마토,용평면,과채류,2,159.7,7986,2.066908003,1.86043021
2007,토마토,진부면,과채류,2.9,234,7986,1.390410433,1.131280953
2007,토마토,평창읍,과채류,2.5,199.7,7986,1.28946146,3.08960123
2007,파,대관령면,조미채류,61,2079.5,3409,3.045373974,2.326428252
2007,파,대화면,조미채류,0,0,0,0,0
2007,파,미탄면,조미채류,0,0,0,0,0
2007,파,방림면,조미채류,0,0,0,0,0
2007,파,봉평면,조미채류,5.9,202.5,3409,0.371601634,0.322623008
2007,파,용평면,조미채류,2,68.2,3409,0.178880476,0.161410726
2007,파,진부면,조미채류,77,2624.9,3409,3.19504913,2.578142565
2007,파,평창읍,조미채류,2,68.2,3409,0.089277115,0.214362241
2007,팥,대관령면,두류,0.2,0,130,0.013197111,0
2007,팥,대화면,두류,36,47,130,1.991584589,2.11523622
2007,팥,미탄면,두류,19.9,26,130,2.043337377,2.998654435
2007,팥,방림면,두류,18.7,24,130,1.408625306,1.191295385
2007,팥,봉평면,두류,2,3,130,0.166492121,0.165102447
2007,팥,용평면,두류,5,7,130,0.591072887,0.572279254
2007,팥,진부면,두류,0.1,0,130,0.005484347,0
2007,팥,평창읍,두류,30,39,130,1.769984632,4.234386216
2007,포도,대관령면,과실류,0,0,0,0,0
2007,포도,대화면,과실류,0,0,0,0,0
2007,포도,미탄면,과실류,0,0,0,0,0
2007,포도,방림면,과실류,0,0,0,0,0
2007,포도,봉평면,과실류,0,0,0,0,0
2007,포도,용평면,과실류,0,0,0,0,0
2007,포도,진부면,과실류,0,0,0,0,0
2007,포도,평창읍,과실류,3.7,55.5,1500,6.602042677,15.85180481
2007,호박,대관령면,과채류,1.8,0,0,0.09603187,0
2007,호박,대화면,과채류,13,429,3300,0.581478424,0.625645277
2007,호박,미탄면,과채류,18.9,623.7,3300,1.56907175,2.330980704
2007,호박,방림면,과채류,84.8,2798.4,3300,5.164683689,4.501195455
2007,호박,봉평면,과채류,3.1,101.3,3300,0.208650476,0.180655656
2007,호박,용평면,과채류,0.8,26.4,3300,0.076463649,0.069939698
2007,호박,진부면,과채류,7.5,246.2,3300,0.332567773,0.270678664
2007,호박,평창읍,과채류,8.5,280.5,3300,0.405472274,0.986889635
2008,감자,대관령면,서류,372,11160,3000,1.64775333,1.143528843
2008,감자,대화면,서류,262,7860,3000,0.904774373,0.938468264
2008,감자,미탄면,서류,12,360,3000,0.076340693,0.107176123
2008,감자,방림면,서류,103,3090,3000,0.502316896,0.423543257
2008,감자,봉평면,서류,198,5940,3000,1.063305967,0.930194126
2008,감자,용평면,서류,304,9120,3000,2.061709356,1.804446787
2008,감자,진부면,서류,502,15060,3000,1.958736637,1.594591419
2008,감자,평창읍,서류,24,720,3000,0.077551099,0.197994531
2008,겉보리,대관령면,맥류,0,0,0,,
2008,겉보리,대화면,맥류,0,0,0,,
2008,겉보리,미탄면,맥류,0,0,0,,
2008,겉보리,방림면,맥류,0,0,0,,
2008,겉보리,봉평면,맥류,0,0,0,,
2008,겉보리,용평면,맥류,0,0,0,,
2008,겉보리,진부면,맥류,0,0,0,,
2008,겉보리,평창읍,맥류,0,0,0,,
2008,고구마,대관령면,서류,0,0,0,0,0
2008,고구마,대화면,서류,0,0,0,0,0
2008,고구마,미탄면,서류,1.3,16.3,1250,2.672039929,3.760134593
2008,고구마,방림면,서류,0.2,2.5,1250,0.315134024,0.26552141
2008,고구마,봉평면,서류,0,0,0,0,0
2008,고구마,용평면,서류,0,0,0,0,0
2008,고구마,진부면,서류,0,0,0,0,0
2008,고구마,평창읍,서류,4,50,1250,4.176009155,10.65395716
2008,고추,대관령면,조미채류,1.3,3.8,290,0.016252318,0.011367748
2008,고추,대화면,조미채류,106.6,309.1,290,1.039008051,1.077466954
2008,고추,미탄면,조미채류,109.2,316.7,290,1.960740863,2.752653298
2008,고추,방림면,조미채류,106.5,308.9,290,1.465928802,1.236132743
2008,고추,봉평면,조미채류,22.1,64.1,290,0.334971643,0.293057666
2008,고추,용평면,조미채류,35.5,103,290,0.679524187,0.594969051
2008,고추,진부면,조미채류,68.2,197.8,290,0.751068266,0.611446759
2008,고추,평창읍,조미채류,180.2,522.6,290,1.643441341,4.195638019
2008,기타과실류,대관령면,과실류,0,0,0,,
2008,기타과실류,대화면,과실류,0,0,0,,
2008,기타과실류,미탄면,과실류,0,0,0,,
2008,기타과실류,방림면,과실류,0,0,0,,
2008,기타과실류,봉평면,과실류,0,0,0,,
2008,기타과실류,용평면,과실류,0,0,0,,
2008,기타과실류,진부면,과실류,0,0,0,,
2008,기타과실류,평창읍,과실류,0,0,0,,
2008,기타두류,대관령면,두류,0,0,0,0,0
2008,기타두류,대화면,두류,0.1,0.1,100,0.031961356,0.032641576
2008,기타두류,미탄면,두류,6,6,100,3.532745098,4.88338386
2008,기타두류,방림면,두류,2.3,2.3,100,1.038136825,0.86186888
2008,기타두류,봉평면,두류,2,2.1,100,0.994052348,0.899043102
2008,기타두류,용평면,두류,1,1.1,100,0.627682553,0.594998673
2008,기타두류,진부면,두류,5.6,5.7,100,2.022304535,1.649959855
2008,기타두류,평창읍,두류,2.2,2.2,100,0.657938942,1.653931236
2008,기타잡곡,대관령면,잡곡,0,0,0,0,0
2008,기타잡곡,대화면,잡곡,1,1,100,1.022763397,1.060851212
2008,기타잡곡,미탄면,잡곡,0,0,0,0,0
2008,기타잡곡,방림면,잡곡,0,0,0,0,0
2008,기타잡곡,봉평면,잡곡,4,4,100,6.361935028,5.565504919
2008,기타잡곡,용평면,잡곡,0,0,0,0,0
2008,기타잡곡,진부면,잡곡,0,0,0,0,0
2008,기타잡곡,평창읍,잡곡,1,1,100,0.957002098,2.443307508
2008,녹두,대관령면,두류,0,0,0,0,0
2008,녹두,대화면,두류,0,0,0,0,0
2008,녹두,미탄면,두류,0.3,0.3,90,2.60879638,3.967749386
2008,녹두,방림면,두류,0,0,0,0,0
2008,녹두,봉평면,두류,1,0.9,90,7.340694263,6.261193034
2008,녹두,용평면,두류,0,0,0,0,0
2008,녹두,진부면,두류,0,0,0,0,0
2008,녹두,평창읍,두류,0,0,0,0,0
2008,논벼,대관령면,미곡,0,0,0,0,0
2008,논벼,대화면,미곡,152,714,469.7,1.529115111,1.572011966
2008,논벼,미탄면,미곡,29,138,475.9,0.537440566,0.75759172
2008,논벼,방림면,미곡,49,229,467.3,0.696136226,0.57880912
2008,논벼,봉평면,미곡,48,223,464.6,0.750916921,0.643950673
2008,논벼,용평면,미곡,15,69,460,0.296348484,0.251743881
2008,논벼,진부면,미곡,3,14,466.7,0.034099749,0.027334622
2008,논벼,평창읍,미곡,314,1504,479,2.955724513,7.626567608
2008,당근,대관령면,근채류,131,3668,2800,6.264380812,4.347434784
2008,당근,대화면,근채류,0,0,0,0,0
2008,당근,미탄면,근채류,0,0,0,0,0
2008,당근,방림면,근채류,0,0,0,0,0
2008,당근,봉평면,근채류,2.2,61.6,2800,0.127547908,0.111580597
2008,당근,용평면,근채류,1.2,33.6,2800,0.087860304,0.07689699
2008,당근,진부면,근채류,30.2,845.6,2800,1.272145744,1.035643409
2008,당근,평창읍,근채류,0,0,0,0,0
2008,들깨,대관령면,특용작물,0,0,0,0,0
2008,들깨,대화면,특용작물,12.1,9.1,75,0.667739412,0.692852586
2008,들깨,미탄면,특용작물,25,18.8,75,2.541543236,3.569076003
2008,들깨,방림면,특용작물,11,8.3,75,0.857266568,0.725470555
2008,들깨,봉평면,특용작물,6.2,4.7,75,0.532068307,0.469339829
2008,들깨,용평면,특용작물,7.9,5.9,75,0.856177065,0.744395361
2008,들깨,진부면,특용작물,14,10.5,75,0.872937209,0.708950895
2008,들깨,평창읍,특용작물,35,26.3,75,1.807288135,4.611889053
2008,딸기,대관령면,과채류,2,36,1800,1.070901056,0.743197555
2008,딸기,대화면,과채류,4,72,1800,1.669817791,1.732001979
2008,딸기,미탄면,과채류,0,0,0,0,0
2008,딸기,방림면,과채류,8.7,156.6,1800,5.128967027,4.324639324
2008,딸기,봉평면,과채류,0,0,0,0,0
2008,딸기,용평면,과채류,0,0,0,0,0
2008,딸기,진부면,과채류,0,0,0,0,0
2008,딸기,평창읍,과채류,0,0,0,0,0
2008,마늘,대관령면,조미채류,0,0,0,0,0
2008,마늘,대화면,조미채류,0.9,6.9,770,1.022763397,1.058294944
2008,마늘,미탄면,조미채류,1.3,10,770,2.72152215,3.824336758
2008,마늘,방림면,조미채류,0.3,2.3,770,0.481454759,0.404974534
2008,마늘,봉평면,조미채류,0,0,0,0,0
2008,마늘,용평면,조미채류,0,0,0,0,0
2008,마늘,진부면,조미채류,0,0,0,0,0
2008,마늘,평창읍,조미채류,2.9,22.3,770,3.083673427,7.877458906
2008,메밀,대관령면,잡곡,0,0,0,0,0
2008,메밀,대화면,잡곡,0,0,0,0,0
2008,메밀,미탄면,잡곡,2,1.6,80,0.331033216,0.465084177
2008,메밀,방림면,잡곡,2.3,1.8,80,0.291833485,0.240895029
2008,메밀,봉평면,잡곡,59,47.2,80,8.243502928,7.216808577
2008,메밀,용평면,잡곡,5,4,80,0.882247805,0.77272555
2008,메밀,진부면,잡곡,0,0,0,0,0
2008,메밀,평창읍,잡곡,0,0,0,0,0
2008,무,대관령면,근채류,65.6,2361.6,3600,1.114976578,0.773785647
2008,무,대화면,근채류,77.8,2800.8,3600,1.030934903,1.069327026
2008,무,미탄면,근채류,28.3,1018.8,3600,0.690834369,0.969875255
2008,무,방림면,근채류,42.9,1544.4,3600,0.802805798,0.676909308
2008,무,봉평면,근채류,87.9,3164.4,3600,1.811317498,1.584564508
2008,무,용평면,근채류,44,1584,3600,1.145036106,1.002157126
2008,무,진부면,근채류,110.8,3988.8,3600,1.658917302,1.350510959
2008,무,평창읍,근채류,5.8,208.8,3600,0.071914647,0.183604192
2008,배,대관령면,과실류,0,0,0,0,0
2008,배,대화면,과실류,0,0,0,0,0
2008,배,미탄면,과실류,1.2,21.6,1800,11.30478431,15.87099755
2008,배,방림면,과실류,0,0,0,0,0
2008,배,봉평면,과실류,0,0,0,0,0
2008,배,용평면,과실류,0,0,0,0,0
2008,배,진부면,과실류,0,0,0,0,0
2008,배,평창읍,과실류,0,0,0,0,0
2008,배추,대관령면,엽채류,231,10626,4600,1.623709018,1.126842265
2008,배추,대화면,엽채류,130.3,5993.8,4600,0.714052888,0.740644292
2008,배추,미탄면,엽채류,110,5060,4600,1.110489618,1.559037087
2008,배추,방림면,엽채류,285,13110,4600,2.205628608,1.859740599
2008,배추,봉평면,엽채류,76,3496,4600,0.647669756,0.56659007
2008,배추,용평면,엽채류,68,3128,4600,0.731829203,0.640510676
2008,배추,진부면,엽채류,102.5,4715,4600,0.63466297,0.516673914
2008,배추,평창읍,엽채류,117,5382,4600,0.599942376,1.53170376
2008,복숭아,대관령면,과실류,0,0,0,0,0
2008,복숭아,대화면,과실류,0,0,0,0,0
2008,복숭아,미탄면,과실류,0.1,1.3,1300,1.256087146,1.763444172
2008,복숭아,방림면,과실류,0.2,2.6,1300,1.925819037,1.623810934
2008,복숭아,봉평면,과실류,0,0,0,0,0
2008,복숭아,용평면,과실류,0,0,0,0,0
2008,복숭아,진부면,과실류,0,0,0,0,0
2008,복숭아,평창읍,과실류,0.6,7.8,1300,3.828008392,9.773230033
2008,사과,대관령면,과실류,0,0,0,0,0
2008,사과,대화면,과실류,0,0,0,0,0
2008,사과,미탄면,과실류,2.5,37.5,1500,2.479119367,3.480481918
2008,사과,방림면,과실류,0.4,6,1500,0.30407669,0.2563912
2008,사과,봉평면,과실류,0,0,0,0,0
2008,사과,용평면,과실류,0,0,0,0,0
2008,사과,진부면,과실류,2,30,1500,1.21642378,0.990280615
2008,사과,평창읍,과실류,6.5,97.5,1500,3.273954546,8.358683581
2008,상추,대관령면,엽채류,0,0,0,0,0
2008,상추,대화면,엽채류,4.6,184,4000,0.750751855,0.778709932
2008,상추,미탄면,엽채류,0,0,0,0,0
2008,상추,방림면,엽채류,7,280,4000,1.613385629,1.360373522
2008,상추,봉평면,엽채류,3.3,132,4000,0.837541978,0.732692802
2008,상추,용평면,엽채류,2,80,4000,0.641037501,0.561048072
2008,상추,진부면,엽채류,20.7,828,4000,3.817176644,3.107532174
2008,상추,평창읍,엽채류,0,0,0,0,0
2008,생강,대관령면,조미채류,0,0,0,0,0
2008,생강,대화면,조미채류,0,0,0,0,0
2008,생강,미탄면,조미채류,0,0,0,0,0
2008,생강,방림면,조미채류,0.1,1.3,1292,0.962909518,0.811905467
2008,생강,봉평면,조미채류,0.1,1.3,1292,1.060322505,0.927584153
2008,생강,용평면,조미채류,0,0,0,0,0
2008,생강,진부면,조미채류,0.3,3.9,1292,2.311205182,1.881533168
2008,생강,평창읍,조미채류,0.4,5.2,1292,2.552005595,6.515486689
2008,수박,대관령면,과채류,0,0,0,0,0
2008,수박,대화면,과채류,0,0,0,0,0
2008,수박,미탄면,과채류,0,0,0,0,0
2008,수박,방림면,과채류,0,0,0,0,0
2008,수박,봉평면,과채류,0,0,0,0,0
2008,수박,용평면,과채류,0,0,0,0,0
2008,수박,진부면,과채류,0,0,0,0,0
2008,수박,평창읍,과채류,2.2,88,4000,5.742012589,14.65984505
2008,수수,대관령면,잡곡,0,0,0,0,0
2008,수수,대화면,잡곡,3,3.6,120,0.880848859,0.916575447
2008,수수,미탄면,잡곡,1.7,2,120,0.919527911,1.269679804
2008,수수,방림면,잡곡,0.1,0.1,120,0.041465003,0.029228597
2008,수수,봉평면,잡곡,3,3.6,120,1.369794623,1.202149063
2008,수수,용평면,잡곡,3,3.6,120,1.729881103,1.518869341
2008,수수,진부면,잡곡,0.1,0.1,120,0.033175194,0.022578398
2008,수수,평창읍,잡곡,10,12,120,2.747374444,7.036725624
2008,시금치,대관령면,엽채류,0,0,0,0,0
2008,시금치,대화면,엽채류,0,0,0,0,0
2008,시금치,미탄면,엽채류,0,0,0,0,0
2008,시금치,방림면,엽채류,0,0,0,0,0
2008,시금치,봉평면,엽채류,0,0,0,0,0
2008,시금치,용평면,엽채류,1.5,28.5,1900,7.532190635,6.592314847
2008,시금치,진부면,엽채류,0.9,17.1,1900,2.60010583,2.116724814
2008,시금치,평창읍,엽채류,0,0,0,0,0
2008,양배추,대관령면,엽채류,41.3,2147.6,5200,0.641431275,0.445148646
2008,양배추,대화면,엽채류,159.6,8299.2,5200,1.932514264,2.004481296
2008,양배추,미탄면,엽채류,52.5,2730,5200,1.171075723,1.64409505
2008,양배추,방림면,엽채류,35,1820,5200,0.598493485,0.504637376
2008,양배추,봉평면,엽채류,138,7176,5200,2.598501482,2.273203469
2008,양배추,용평면,엽채류,36,1872,5200,0.856065865,0.749244939
2008,양배추,진부면,엽채류,31,1612,5200,0.424116184,0.345269504
2008,양배추,평창읍,엽채류,13.4,696.8,5200,0.151821169,0.38761232
2008,양파,대관령면,조미채류,2.4,127.2,5300,1.302806526,0.902259782
2008,양파,대화면,조미채류,0.5,26.5,5300,0.21160622,0.219030441
2008,양파,미탄면,조미채류,0,0,0,0,0
2008,양파,방림면,조미채류,0.5,26.5,5300,0.298833988,0.251447155
2008,양파,봉평면,조미채류,0.1,6.9,5300,0.065813121,0.074799345
2008,양파,용평면,조미채류,0,0,0,0,0
2008,양파,진부면,조미채류,9,477,5300,4.303623443,3.496265373
2008,양파,평창읍,조미채류,2,106,5300,0.792001736,2.017846481
2008,오이,대관령면,과채류,0,0,0,0,0
2008,오이,대화면,과채류,0.7,70.1,10011,2.526827216,2.621586486
2008,오이,미탄면,과채류,0,0,0,0,0
2008,오이,방림면,과채류,0.3,30,10011,1.529326882,1.287981645
2008,오이,봉평면,과채류,0,0,0,0,0
2008,오이,용평면,과채류,0,0,0,0,0
2008,오이,진부면,과채류,0,0,0,0,0
2008,오이,평창읍,과채류,0.7,70.1,10011,2.364358125,6.03792678
2008,옥수수,대관령면,잡곡,8,35.7,446.3,0.0721873,0.050991351
2008,옥수수,대화면,잡곡,129,561.8,435.5,0.907507588,0.935027002
2008,옥수수,미탄면,잡곡,142.4,621.2,436.2,1.845467484,2.577937369
2008,옥수수,방림면,잡곡,37.9,169.6,447.4,0.376531511,0.324048872
2008,옥수수,봉평면,잡곡,60,270,450,0.65639591,0.589381208
2008,옥수수,용평면,잡곡,45,202.5,450,0.621710106,0.558495453
2008,옥수수,진부면,잡곡,37.5,165.4,441.1,0.298074725,0.244121106
2008,옥수수,평창읍,잡곡,412.5,1798.2,435.9,2.715327517,6.892933105
2008,자두,대관령면,과실류,0,0,0,,
2008,자두,대화면,과실류,0,0,0,,
2008,자두,미탄면,과실류,0,0,0,,
2008,자두,방림면,과실류,0,0,0,,
2008,자두,봉평면,과실류,0,0,0,,
2008,자두,용평면,과실류,0,0,0,,
2008,자두,진부면,과실류,0,0,0,,
2008,자두,평창읍,과실류,0,0,0,,
2008,조,대관령면,잡곡,0,0,0,0,0
2008,조,대화면,잡곡,0.2,0.2,110,0.490926431,0.471489428
2008,조,미탄면,잡곡,0,0,0,0,0
2008,조,방림면,잡곡,0.1,0.1,110,0.346647427,0.270635156
2008,조,봉평면,잡곡,0,0,0,0,0
2008,조,용평면,잡곡,1,1.1,110,4.820602007,4.297212641
2008,조,진부면,잡곡,0.2,0.2,110,0.554689244,0.418118482
2008,조,평창읍,잡곡,1,1.1,110,2.296805035,5.972529465
2008,참깨,대관령면,특용작물,0,0,0,0,0
2008,참깨,대화면,특용작물,0.5,0.3,60,0.472044645,0.489623636
2008,참깨,미탄면,특용작물,4.7,2.8,60,8.174228658,11.39456234
2008,참깨,방림면,특용작물,0,0,0,0,0
2008,참깨,봉평면,특용작물,0,0,0,0,0
2008,참깨,용평면,특용작물,0.5,0.3,60,0.927038847,0.811361827
2008,참깨,진부면,특용작물,0,0,0,0,0
2008,참깨,평창읍,특용작물,0.8,0.5,60,0.706709242,1.879467314
2008,콩,대관령면,두류,5,6.5,130,0.121094196,0.084038493
2008,콩,대화면,두류,81,105.3,130,1.529424649,1.586380582
2008,콩,미탄면,두류,70,91,130,2.434876621,3.418368702
2008,콩,방림면,두류,30,39,130,0.7999556,0.67450608
2008,콩,봉평면,두류,27,35.1,130,0.79279498,0.693547536
2008,콩,용평면,두류,17,22.1,130,0.630386416,0.551726043
2008,콩,진부면,두류,15,19.5,130,0.320013025,0.260519977
2008,콩,평창읍,두류,80,104,130,1.413418483,3.608577243
2008,토마토,대관령면,과채류,0,0,0,0,0
2008,토마토,대화면,과채류,0.5,39,7800,0.22897688,0.237504003
2008,토마토,미탄면,과채류,0,0,0,0,0
2008,토마토,방림면,과채류,5,390,7800,3.233651368,2.72654821
2008,토마토,봉평면,과채류,0,0,0,0,0
2008,토마토,용평면,과채류,3,234,7800,2.698098138,2.361426214
2008,토마토,진부면,과채류,2.8,218.4,7800,1.448815189,1.179468553
2008,토마토,평창읍,과채류,2.1,163.8,7800,0.899867644,2.297438403
2008,파,대관령면,조미채류,56,1904,3400,3.080243708,2.137051832
2008,파,대화면,조미채류,0,0,0,0,0
2008,파,미탄면,조미채류,0,0,0,0,0
2008,파,방림면,조미채류,0,0,0,0,0
2008,파,봉평면,조미채류,5.9,202,3400,0.393453005,0.346500368
2008,파,용평면,조미채류,2.2,74.8,3400,0.185278204,0.16211232
2008,파,진부면,조미채류,77,2618,3400,3.73087629,3.036402052
2008,파,평창읍,조미채류,2,68,3400,0.080251748,0.204830579
2008,팥,대관령면,두류,0,0,0,0,0
2008,팥,대화면,두류,35,42,120,1.89903018,1.970040571
2008,팥,미탄면,두류,21,25.2,120,2.09903157,2.947303892
2008,팥,방림면,두류,21,25.2,120,1.609106092,1.356965069
2008,팥,봉평면,두류,7,8.4,120,0.590630573,0.51676759
2008,팥,용평면,두류,4,4.8,120,0.426224757,0.373094901
2008,팥,진부면,두류,0.1,0.1,120,0.006130518,0.004159616
2008,팥,평창읍,두류,25,30,120,1.269233552,3.240938478
2008,포도,대관령면,과실류,0,0,0,0,0
2008,포도,대화면,과실류,0,0,0,0,0
2008,포도,미탄면,과실류,0,0,0,0,0
2008,포도,방림면,과실류,0,0,0,0,0
2008,포도,봉평면,과실류,0,0,0,0,0
2008,포도,용평면,과실류,0,0,0,0,0
2008,포도,진부면,과실류,0,0,0,0,0
2008,포도,평창읍,과실류,3.3,49.5,1500,5.742012589,14.65984505
2008,호박,대관령면,과채류,0,0,0,0,0
2008,호박,대화면,과채류,13,429,3300,0.607119825,0.62972903
2008,호박,미탄면,과채류,17,561,3300,1.462567225,2.053325405
2008,호박,방림면,과채류,82.8,2732.4,3300,5.460884118,4.604504977
2008,호박,봉평면,과채류,4.4,145.2,3300,0.319549248,0.279545909
2008,호박,용평면,과채류,1.2,39.6,3300,0.110059407,0.096326062
2008,호박,진부면,과채류,6.5,214.5,3300,0.34298707,0.279222959
2008,호박,평창읍,과채류,6.5,214.5,3300,0.284041719,0.725182594
2009,감자,대관령면,서류,367,12834,3497,1.397615922,1.013341683
2009,감자,대화면,서류,245,8567.7,3497,0.914062245,0.921003996
2009,감자,미탄면,서류,12,419.6,3497,0.074940399,0.177240592
2009,감자,방림면,서류,105,3671.9,3497,0.446740993,0.358867411
2009,감자,봉평면,서류,185,6469.5,3497,1.023520561,0.846032675
2009,감자,용평면,서류,309,10805.7,3497,2.212846627,1.878568857
2009,감자,진부면,서류,506,17694.8,3497,1.870757883,1.553644293
2009,감자,평창읍,서류,26,909.2,3497,0.109084882,0.450699269
2009,겉보리,대관령면,맥류,0,0,0,,
2009,겉보리,대화면,맥류,0,0,0,,
2009,겉보리,미탄면,맥류,0,0,0,,
2009,겉보리,방림면,맥류,0,0,0,,
2009,겉보리,봉평면,맥류,0,0,0,,
2009,겉보리,용평면,맥류,0,0,0,,
2009,겉보리,진부면,맥류,0,0,0,,
2009,겉보리,평창읍,맥류,0,0,0,,
2009,고구마,대관령면,서류,0,0,0,0,0
2009,고구마,대화면,서류,0,0,0,0,0
2009,고구마,미탄면,서류,2,26.2,1311,1.224584727,2.893936658
2009,고구마,방림면,서류,0.9,11.8,1311,0.375433572,0.301567962
2009,고구마,봉평면,서류,0,0,0,0,0
2009,고구마,용평면,서류,0,0,0,0,0
2009,고구마,진부면,서류,0,0,0,0,0
2009,고구마,평창읍,서류,15,196.7,1311,6.17030408,25.49715971
2009,고추,대관령면,조미채류,62,167,270,0.430740307,0.292043083
2009,고추,대화면,조미채류,105.3,305,290,0.716704459,0.726162276
2009,고추,미탄면,조미채류,293,850,290,3.338139042,7.952125388
2009,고추,방림면,조미채류,110,313,285,0.853810007,0.677523082
2009,고추,봉평면,조미채류,21.3,96,280,0.214984176,0.278050854
2009,고추,용평면,조미채류,40,112,280,0.522582515,0.43124971
2009,고추,진부면,조미채류,146.8,396,270,0.99013673,0.770083295
2009,고추,평창읍,조미채류,183.6,532,290,1.405289961,5.840844449
2009,기타과실류,대관령면,과실류,0,0,0,,
2009,기타과실류,대화면,과실류,0,0,0,,
2009,기타과실류,미탄면,과실류,0,0,0,,
2009,기타과실류,방림면,과실류,0,0,0,,
2009,기타과실류,봉평면,과실류,0,0,0,,
2009,기타과실류,용평면,과실류,0,0,0,,
2009,기타과실류,진부면,과실류,0,0,0,,
2009,기타과실류,평창읍,과실류,0,0,0,,
2009,기타두류,대관령면,두류,0,0,0,0,0
2009,기타두류,대화면,두류,1,1.1,114,0.719524216,0.711480307
2009,기타두류,미탄면,두류,1,1.1,114,1.204399264,2.795717808
2009,기타두류,방림면,두류,2,2.3,114,1.641089364,1.352520786
2009,기타두류,봉평면,두류,1,1.1,114,1.066990546,0.865529829
2009,기타두류,용평면,두류,1,1.1,114,1.381110932,1.150640967
2009,기타두류,진부면,두류,1,1.1,114,0.713021779,0.581127672
2009,기타두류,평창읍,두류,2.1,2.4,114,1.699206816,7.15832816
2009,기타잡곡,대관령면,잡곡,0,0,0,0,0
2009,기타잡곡,대화면,잡곡,6.8,6.8,100,2.140584544,2.156830161
2009,기타잡곡,미탄면,잡곡,2,2,100,1.053849356,2.492685458
2009,기타잡곡,방림면,잡곡,2,2,100,0.717976597,0.576743813
2009,기타잡곡,봉평면,잡곡,2,2,100,0.933616728,0.771713659
2009,기타잡곡,용평면,잡곡,1,1,100,0.604236033,0.512960571
2009,기타잡곡,진부면,잡곡,0,0,0,0,0
2009,기타잡곡,평창읍,잡곡,7,7,100,2.47800994,10.23847417
2009,녹두,대관령면,두류,0,0,0,0,0
2009,녹두,대화면,두류,0.5,0.5,100,1.423406602,1.434209314
2009,녹두,미탄면,두류,0.6,0.6,100,2.859139123,6.762764026
2009,녹두,방림면,두류,0.5,0.5,100,1.623251436,1.303942534
2009,녹두,봉평면,두류,0.3,0.3,100,1.266471387,1.046846355
2009,녹두,용평면,두류,0,0,0,0,0
2009,녹두,진부면,두류,0,0,0,0,0
2009,녹두,평창읍,두류,0.4,0.4,100,1.280561658,5.290938205
2009,논벼,대관령면,미곡,0,0,0,0,0
2009,논벼,대화면,미곡,146,726,501,1.636917592,1.636939654
2009,논벼,미탄면,미곡,25,122,501,0.469179508,1.08090202
2009,논벼,방림면,미곡,48,239,501,0.613722461,0.489936576
2009,논벼,봉평면,미곡,46,225,501,0.76479836,0.617159932
2009,논벼,용평면,미곡,15,70,501,0.322811031,0.255253107
2009,논벼,진부면,미곡,3,13,501,0.033331326,0.023941319
2009,논벼,평창읍,미곡,301,1531,501,3.795089196,15.91847292
2009,당근,대관령면,근채류,142,4118,2900,5.635664791,4.097214404
2009,당근,대화면,근채류,0,0,0,0,0
2009,당근,미탄면,근채류,0,0,0,0,0
2009,당근,방림면,근채류,0,0,0,0,0
2009,당근,봉평면,근채류,0.5,1.4,2800,0.02882902,0.002307028
2009,당근,용평면,근채류,0,0,0,0,0
2009,당근,진부면,근채류,25.9,751,2900,0.997934104,0.830910695
2009,당근,평창읍,근채류,0,0,0,0,0
2009,들깨,대관령면,특용작물,0,0,0,0,0
2009,들깨,대화면,특용작물,14,8.2,59,0.779484568,0.785172356
2009,들깨,미탄면,특용작물,36.2,21.7,60,3.373751749,8.164720671
2009,들깨,방림면,특용작물,12.5,7.5,60,0.793681612,0.652917525
2009,들깨,봉평면,특용작물,6.4,3.7,59,0.528414366,0.430994798
2009,들깨,용평면,특용작물,5,2.5,50,0.534358396,0.387140054
2009,들깨,진부면,특용작물,6.7,3.3,50,0.369667839,0.258091535
2009,들깨,평창읍,특용작물,36.8,22,60,2.304139855,9.714131828
2009,딸기,대관령면,과채류,7.6,136.8,1800,4.031270526,2.942333422
2009,딸기,대화면,과채류,3,52.5,1750,1.558969136,1.537334884
2009,딸기,미탄면,과채류,0,0,0,0,0
2009,딸기,방림면,과채류,0,0,0,0,0
2009,딸기,봉평면,과채류,0,0,0,0,0
2009,딸기,용평면,과채류,2,36,1800,1.994938013,1.704859635
2009,딸기,진부면,과채류,0,0,0,0,0
2009,딸기,평창읍,과채류,0,0,0,0,0
2009,마늘,대관령면,조미채류,0,0,0,0,0
2009,마늘,대화면,조미채류,1,7,700,0.935381481,0.8366221
2009,마늘,미탄면,조미채류,1.6,11.2,700,2.50515047,5.259927576
2009,마늘,방림면,조미채류,0.1,7,700,0.106670809,0.760633145
2009,마늘,봉평면,조미채류,0,0,0,0,0
2009,마늘,용평면,조미채류,0,0,0,0,0
2009,마늘,진부면,조미채류,0,0,0,0,0
2009,마늘,평창읍,조미채류,4.3,30,700,4.523126715,16.53418189
2009,메밀,대관령면,잡곡,0,0,0,0,0
2009,메밀,대화면,잡곡,1.4,1.1,77,0.112062818,0.11519205
2009,메밀,미탄면,잡곡,2,1.5,77,0.267971474,0.617236399
2009,메밀,방림면,잡곡,2.6,2,77,0.237336029,0.190417005
2009,메밀,봉평면,잡곡,70,53.9,77,8.308960607,6.866536646
2009,메밀,용평면,잡곡,5.8,4.5,77,0.891137347,0.762112849
2009,메밀,진부면,잡곡,0,0,0,0,0
2009,메밀,평창읍,잡곡,0,0,0,0,0
2009,무,대관령면,근채류,197,7486,3800,2.349035096,1.729972033
2009,무,대화면,근채류,45.8,1648,3600,0.535028194,0.51850131
2009,무,미탄면,근채류,5.1,178,3500,0.099725548,0.22006101
2009,무,방림면,근채류,34.3,1234,3600,0.456943107,0.352982946
2009,무,봉평면,근채류,67.9,2444,3600,1.176240479,0.935433693
2009,무,용평면,근채류,43,1634,3800,0.96419038,0.831422267
2009,무,진부면,근채류,162.3,6167,3800,1.87882829,1.584802951
2009,무,평창읍,근채류,5.1,178,3500,0.066998163,0.258251479
2009,배,대관령면,과실류,0,0,0,0,0
2009,배,대화면,과실류,0,0,0,0,0
2009,배,미탄면,과실류,1.4,30.8,2200,10.96003331,25.92392877
2009,배,방림면,과실류,0,0,0,0,0
2009,배,봉평면,과실류,0,0,0,0,0
2009,배,용평면,과실류,0,0,0,0,0
2009,배,진부면,과실류,0,0,0,0,0
2009,배,평창읍,과실류,0,0,2200,0,0
2009,배추,대관령면,엽채류,308,14168,4600,1.340689093,0.984492171
2009,배추,대화면,엽채류,182.3,8203,4500,0.777413253,0.776032342
2009,배추,미탄면,엽채류,73.2,3220,4400,0.522518196,1.196998016
2009,배추,방림면,엽채류,534.7,24061,4500,2.600352805,2.069506031
2009,배추,봉평면,엽채류,162.2,7461,4600,1.025725795,0.8586641
2009,배추,용평면,엽채류,82,3772,4600,0.671215955,0.577106203
2009,배추,진부면,엽채류,180,8280,4600,0.760668018,0.639802774
2009,배추,평창읍,엽채류,13,572,4400,0.062343353,0.249536053
2009,복숭아,대관령면,과실류,0,0,0,0,0
2009,복숭아,대화면,과실류,0,0,0,0,0
2009,복숭아,미탄면,과실류,0.5,9,1800,4.566680544,10.80163699
2009,복숭아,방림면,과실류,0,0,0,0,0
2009,복숭아,봉평면,과실류,0,0,0,0,0
2009,복숭아,용평면,과실류,0,0,0,0,0
2009,복숭아,진부면,과실류,0,0,0,0,0
2009,복숭아,평창읍,과실류,0.7,12.6,1800,4.295217229,17.74668856
2009,사과,대관령면,과실류,0,0,0,0,0
2009,사과,대화면,과실류,0.6,14.7,2450,0.166466196,0.16326807
2009,사과,미탄면,과실류,1.5,36.7,2450,0.696612286,1.601697282
2009,사과,방림면,과실류,1.6,38.4,2400,0.506234346,0.387758265
2009,사과,봉평면,과실류,0,0,0,0,0
2009,사과,용평면,과실류,0,0,0,0,0
2009,사과,진부면,과실류,4.4,101.2,2300,1.209720002,0.918064322
2009,사과,평창읍,과실류,15.5,403,2600,4.836019398,20.64044875
2009,상추,대관령면,엽채류,0,0,0,0,0
2009,상추,대화면,엽채류,5.6,168,3000,0.637686158,0.645669905
2009,상추,미탄면,엽채류,0,0,3000,0,0
2009,상추,방림면,엽채류,11,330,3000,1.428461263,1.15308445
2009,상추,봉평면,엽채류,4.1,123,3000,0.692337691,0.575076379
2009,상추,용평면,엽채류,8.5,255,3000,1.857894446,1.584960311
2009,상추,진부면,엽채류,28,840,3000,3.159616511,2.636873044
2009,상추,평창읍,엽채류,0.3,0.6,3000,0.03841685,0.010633658
2009,생강,대관령면,조미채류,0,0,0,0,0
2009,생강,대화면,조미채류,0,0,0,0,0
2009,생강,미탄면,조미채류,0,0,0,0,0
2009,생강,방림면,조미채류,0.1,1.2,1200,7.466956604,5.998135659
2009,생강,봉평면,조미채류,0,0,0,0,0
2009,생강,용평면,조미채류,0,0,0,0,0
2009,생강,진부면,조미채류,0,0,0,0,0
2009,생강,평창읍,조미채류,0,0,0,0,0
2009,수박,대관령면,과채류,0,0,0,0,0
2009,수박,대화면,과채류,0,0,0,0,0
2009,수박,미탄면,과채류,0,0,0,0,0
2009,수박,방림면,과채류,0,0,0,0,0
2009,수박,봉평면,과채류,0,0,0,0,0
2009,수박,용평면,과채류,0,0,0,0,0
2009,수박,진부면,과채류,0,0,0,0,0
2009,수박,평창읍,과채류,4.8,187.2,3900,7.363229536,30.42289468
2009,수수,대관령면,잡곡,0,0,0,0,0
2009,수수,대화면,잡곡,4.2,5,119,1.206149805,1.208308214
2009,수수,미탄면,잡곡,2,2.4,119,0.96140643,2.279026705
2009,수수,방림면,잡곡,0.3,0.4,119,0.098249429,0.087884772
2009,수수,봉평면,잡곡,3,3.6,119,1.277580785,1.058350161
2009,수수,용평면,잡곡,3,3.6,119,1.653698616,1.406977566
2009,수수,진부면,잡곡,0.3,0.4,119,0.085374976,0.078954409
2009,수수,평창읍,잡곡,10,11.9,119,3.229486638,13.26126178
2009,시금치,대관령면,엽채류,0,0,0,0,0
2009,시금치,대화면,엽채류,0,0,0,0,0
2009,시금치,미탄면,엽채류,0,0,0,0,0
2009,시금치,방림면,엽채류,0,0,0,0,0
2009,시금치,봉평면,엽채류,0,0,0,0,0
2009,시금치,용평면,엽채류,0,0,0,0,0
2009,시금치,진부면,엽채류,0.2,0.4,2000,6.488498193,5.388638413
2009,시금치,평창읍,엽채류,0,0,0,0,0
2009,양배추,대관령면,엽채류,28,1512,5400,0.394801311,0.290622141
2009,양배추,대화면,엽채류,180,9360,5200,2.486457102,2.449379883
2009,양배추,미탄면,엽채류,34.3,1749,5000,0.793099457,1.798459062
2009,양배추,방림면,엽채류,30.7,1566,5100,0.483619341,0.372578654
2009,양배추,봉평면,엽채류,149.1,8200,5500,3.054226672,2.610437541
2009,양배추,용평면,엽채류,39,2145,5500,1.034084958,0.907788221
2009,양배추,진부면,엽채류,8.5,459,5400,0.116354925,0.098107375
2009,양배추,평창읍,엽채류,4.4,220,5000,0.068350654,0.265480815
2009,양파,대관령면,조미채류,2,106,5300,1.077971321,0.791336569
2009,양파,대화면,조미채류,1,50,5000,0.528037933,0.508193102
2009,양파,미탄면,조미채류,0,0,0,0,0
2009,양파,방림면,조미채류,1.1,55,5000,0.662391312,0.50823827
2009,양파,봉평면,조미채류,0.1,5.1,5100,0.078303338,0.063059147
2009,양파,용평면,조미채류,0,0,0,0,0
2009,양파,진부면,조미채류,7.9,418,5300,4.133801268,3.470113783
2009,양파,평창읍,조미채류,0.3,15,5000,0.17814265,0.703040241
2009,오이,대관령면,과채류,0,0,0,0,0
2009,오이,대화면,과채류,0.7,2.8,4000,5.729211574,5.77269249
2009,오이,미탄면,과채류,0,0,0,0,0
2009,오이,방림면,과채류,0,0,0,0,0
2009,오이,봉평면,과채류,0.1,0.4,4000,1.213701746,1.003227757
2009,오이,용평면,과채류,0,0,0,0,0
2009,오이,진부면,과채류,0,0,0,0,0
2009,오이,평창읍,과채류,0,0,0,0,0
2009,옥수수,대관령면,잡곡,5,24.8,496,0.050326974,0.036488919
2009,옥수수,대화면,잡곡,110,545.6,496,1.084704429,1.092916705
2009,옥수수,미탄면,잡곡,102,505.9,496,1.683619574,3.982060289
2009,옥수수,방림면,잡곡,31,153.8,496,0.348607914,0.280101188
2009,옥수수,봉평면,잡곡,45,223.2,496,0.658031067,0.543908754
2009,옥수수,용평면,잡곡,43,213.3,496,0.813898656,0.691003913
2009,옥수수,진부면,잡곡,36,178.6,496,0.351786047,0.292215218
2009,옥수수,평창읍,잡곡,292,1448.3,496,3.238046724,13.37831437
2009,자두,대관령면,과실류,0,0,0,,
2009,자두,대화면,과실류,0,0,0,,
2009,자두,미탄면,과실류,0,0,0,,
2009,자두,방림면,과실류,0,0,0,,
2009,자두,봉평면,과실류,0,0,0,,
2009,자두,용평면,과실류,0,0,0,,
2009,자두,진부면,과실류,0,0,0,,
2009,자두,평창읍,과실류,0,0,0,,
2009,조,대관령면,잡곡,0.1,0.11,108,0.04914281,0.036261213
2009,조,대화면,잡곡,3,3.24,108,1.444339052,1.454112627
2009,조,미탄면,잡곡,1,1.08,108,0.805884802,1.904615175
2009,조,방림면,잡곡,2,2.16,108,1.098081854,0.881358709
2009,조,봉평면,잡곡,1.2,1.3,108,0.856730644,0.709766576
2009,조,용평면,잡곡,1.1,1.19,108,1.016538267,0.863727895
2009,조,진부면,잡곡,0.2,0.22,108,0.095419091,0.080646289
2009,조,평창읍,잡곡,5,5.4,108,2.707069682,11.17575723
2009,참깨,대관령면,특용작물,0,0,0,0,0
2009,참깨,대화면,특용작물,1,0.5,55,0.492306043,0.434037029
2009,참깨,미탄면,특용작물,6.5,3.9,60,5.356407255,13.30306871
2009,참깨,방림면,특용작물,0,0,0,0,0
2009,참깨,봉평면,특용작물,0,0,0,0,0
2009,참깨,용평면,특용작물,2,1,55,1.889941276,1.403892089
2009,참깨,진부면,특용작물,0,0,0,0,0
2009,참깨,평창읍,특용작물,3.8,2.2,60,2.103779867,8.806627407
2009,콩,대관령면,두류,5,6.8,135,0.098984333,0.072246335
2009,콩,대화면,두류,81,109.4,135,1.570975415,1.58244134
2009,콩,미탄면,두류,75.6,102.1,135,2.454320254,5.803185983
2009,콩,방림면,두류,30,40.5,135,0.663532874,0.532612353
2009,콩,봉평면,두류,29,39.2,135,0.834060441,0.68978782
2009,콩,용평면,두류,17,23,135,0.632872812,0.538040643
2009,콩,진부면,두류,15,20.3,135,0.288292278,0.239836351
2009,콩,평창읍,두류,85,114.8,135,1.853893692,7.657417911
2009,토마토,대관령면,과채류,0,0,0,0,0
2009,토마토,대화면,과채류,2,480,24000,0.756956112,2.422902958
2009,토마토,미탄면,과채류,4.8,216,4500,3.040934096,4.284291212
2009,토마토,방림면,과채류,0.4,120,4800,0.172646395,0.550708706
2009,토마토,봉평면,과채류,0,0,0,0,0
2009,토마토,용평면,과채류,2,100,5000,1.452960634,0.81634123
2009,토마토,진부면,과채류,5.3,265,5000,1.987805805,1.092570145
2009,토마토,평창읍,과채류,2.8,126,4500,1.191736572,2.932888087
2009,파,대관령면,조미채류,58,1972,3400,2.788766093,2.02800307
2009,파,대화면,조미채류,0,0,0,0,0
2009,파,미탄면,조미채류,0,0,0,0,0
2009,파,방림면,조미채류,0,0,0,0,0
2009,파,봉평면,조미채류,4.9,162,3300,0.342281356,0.275930215
2009,파,용평면,조미채류,3,99,3300,0.271254162,0.224169866
2009,파,진부면,조미채류,71.1,2417,3400,3.318936845,2.764078744
2009,파,평창읍,조미채류,2,62,3100,0.105945749,0.400301246
2009,팥,대관령면,두류,0,0,0,0,0
2009,팥,대화면,두류,37,49.6,134,1.666188471,1.678959452
2009,팥,미탄면,두류,25,33.5,134,1.884462398,4.455883087
2009,팥,방림면,두류,22,29.5,134,1.129800862,0.907875844
2009,팥,봉평면,두류,10,13.4,134,0.66778638,0.551801003
2009,팥,용평면,두류,5,6.7,134,0.432190835,0.366783916
2009,팥,진부면,두류,0.6,0.8,134,0.026775096,0.022118577
2009,팥,평창읍,두류,45.8,61.4,134,2.319366663,9.584226441
2009,포도,대관령면,과실류,0,0,0,0,0
2009,포도,대화면,과실류,0,0,0,0,0
2009,포도,미탄면,과실류,0,0,0,0,0
2009,포도,방림면,과실류,0,0,0,0,0
2009,포도,봉평면,과실류,0,0,0,0,0
2009,포도,용평면,과실류,0,0,0,0,0
2009,포도,진부면,과실류,0,0,0,0,0
2009,포도,평창읍,과실류,2.3,4.6,2000,7.363229536,30.42289468
2009,호박,대관령면,과채류,0,0,0,0,0
2009,호박,대화면,과채류,28,924,3300,1.387848375,1.404308616
2009,호박,미탄면,과채류,12.3,405.9,3300,1.020502723,2.424041716
2009,호박,방림면,과채류,74.9,2471.7,3300,4.233724827,3.415326754
2009,호박,봉평면,과채류,4.3,150.5,3500,0.316058592,0.278257094
2009,호박,용평면,과채류,1,30,3300,0.095140874,0.073737565
2009,호박,진부면,과채류,8,240,3300,0.392944629,0.297927439
2009,호박,평창읍,과채류,3.6,118.8,3300,0.200663333,0.832601508
2010,양배추,방림면,엽채류,21.4,1566,7317.8,0.264721399,0.31645029
2010,토마토,평창읍,과채류,3.2,202.2,6318.8,1.222590752,4.785892493
2010,토마토,방림면,과채류,4.2,256.1,6097.6,1.549471544,1.17671151
2010,토마토,용평면,과채류,3.5,208.6,5960,1.989595619,1.856507085
2010,양배추,봉평면,엽채류,142.2,8200,5766.5,1.856173535,2.059880915
2010,토마토,진부면,과채류,7.3,419.9,5752.1,2.575654912,2.319585173
2010,양배추,대화면,엽채류,175,9360,5348.6,2.084440104,2.382623084
2010,양파,진부면,조미채류,7.9,418,5300,4.203507514,3.935874928
2010,양파,대관령면,조미채류,2,106,5300,1.25967043,1.112960076
2010,겉보리,대화면,맥류,0,0,0,,
2010,겉보리,미탄면,맥류,0,0,0,,
2010,겉보리,방림면,맥류,0,0,0,,
2010,겉보리,봉평면,맥류,0,0,0,,
2010,겉보리,용평면,맥류,0,0,0,,
2010,겉보리,진부면,맥류,0,0,0,,
2010,겉보리,평창읍,맥류,0,0,0,,
2010,오이,평창읍,과채류,0.5,26.2,5240,1.786128677,8.718073247
2010,고구마,대화면,서류,0,0,0,0,0
2010,양파,봉평면,조미채류,0.1,5.1,5100,0.058708088,0.049653021
2010,오이,대화면,과채류,1,50.4,5040,3.321406417,4.101041368
2010,고구마,봉평면,서류,0,0,0,0,0
2010,고구마,용평면,서류,0,0,0,0,0
2010,고구마,진부면,서류,0,0,0,0,0
2010,양파,방림면,조미채류,1.1,55,5000,0.611993657,0.430748398
2010,양배추,평창읍,엽채류,4.3,215,5000,0.055085912,0.223806948
2010,양파,평창읍,조미채류,0.3,15,5000,0.172851162,0.605164724
2010,양파,대화면,조미채류,1,50,5000,0.535710712,0.493283673
2010,양배추,미탄면,엽채류,34,1700,5000,1.139559812,1.741284993
2010,무,미탄면,근채류,10.8,434.8,4025.9,0.573020243,1.137613722
2010,토마토,대화면,과채류,0.5,19.6,3920,0.177615316,0.113444188
2010,배추,방림면,엽채류,666,25372,3809.6,2.52966241,2.201518435
2010,무,용평면,근채류,49.6,1687.8,3402.8,1.496605757,1.687489028
2010,수박,평창읍,과채류,5.3,179,3377.4,3.944367494,15.21935576
2010,기타과실류,대화면,과실류,0,0,0,,
2010,기타과실류,미탄면,과실류,0,0,0,,
2010,기타과실류,방림면,과실류,0,0,0,,
2010,기타과실류,봉평면,과실류,0,0,0,,
2010,기타과실류,용평면,과실류,0,0,0,,
2010,기타과실류,진부면,과실류,0,0,0,,
2010,기타과실류,평창읍,과실류,0,0,0,,
2010,고추,대관령면,조미채류,0.9,30,3333.3,0.018036851,0.118116214
2010,배추,미탄면,엽채류,97.9,3117,3183.9,1.007520661,1.37091845
2010,무,방림면,근채류,43.3,1364.4,3151,0.847912766,0.704270994
2010,양배추,용평면,엽채류,68.2,2145,3145.2,1.29993641,0.839581617
2010,배추,평창읍,엽채류,25.9,791.5,3056,0.101879057,0.353785401
2010,배추,대화면,엽채류,265.9,8078,3038,0.972484685,0.882952272
2010,수박,방림면,과채류,4.3,129,3000,3.090104337,2.129176108
2010,배추,용평면,엽채류,106,3149,2970.8,0.620378389,0.529251586
2010,감자,방림면,서류,110,3190,2900,0.392384765,0.289140419
2010,감자,평창읍,서류,30,870,2900,0.110824944,0.406217603
2010,감자,대화면,서류,197,5713,2900,0.676646395,0.652301087
2010,감자,진부면,서류,542,15718,2900,1.849052485,1.7128504
2010,감자,봉평면,서류,350,10150,2900,1.317441073,1.143664619
2010,감자,용평면,서류,320,9280,2900,1.758862488,1.629250949
2010,기타잡곡,진부면,잡곡,0,0,0,0,0
2010,감자,대관령면,서류,370,10730,2900,1.494148896,1.303858865
2010,감자,미탄면,서류,15,435,2900,0.144975175,0.199854796
2010,호박,봉평면,과채류,5.2,150.5,2894.2,0.413715578,0.491496238
2010,배추,봉평면,엽채류,205.2,5864,2857.7,0.822449797,0.632522686
2010,무,평창읍,근채류,3.3,94.1,2851.5,0.066922789,0.250212544
2010,배추,진부면,엽채류,215.1,6022,2799.6,0.781374528,0.62822093
2010,무,대화면,근채류,42.5,1172.9,2759.8,0.801361185,0.762649225
2010,녹두,진부면,두류,0,0,0,0,0
2010,배추,대관령면,엽채류,234.3,6194,2643.6,1.0074728,0.720529164
2010,무,봉평면,근채류,65.9,1700,2579.7,1.361734359,1.090841203
2010,당근,진부면,근채류,27.4,685,2500,1.537268269,1.424032358
2010,당근,봉평면,근채류,0.5,12.5,2500,0.030951543,0.026868894
2010,당근,용평면,근채류,1,25,2500,0.090392221,0.083731169
2010,당근,대관령면,근채류,88.7,2217.5,2500,5.890673096,5.140455783
2010,무,진부면,근채류,69,1713.1,2482.8,1.292239076,1.063126228
2010,무,대관령면,근채류,67.9,1681.5,2476.4,1.505240016,1.16361069
2010,상추,진부면,엽채류,10.5,254,2419.1,1.304671573,1.269045979
2010,상추,방림면,엽채류,3.7,85.8,2318.9,0.480709964,0.356555305
2010,당근,대화면,근채류,0,0,0,0,0
2010,당근,미탄면,근채류,0,0,0,0,0
2010,당근,방림면,근채류,0,0,0,0,0
2010,상추,대화면,엽채류,5.7,131.1,2300,0.713070304,0.686290618
2010,상추,대관령면,엽채류,28.6,657.8,2300,4.206492667,3.664765776
2010,상추,봉평면,엽채류,4.1,93.1,2270.7,0.562094014,0.480954305
2010,당근,평창읍,근채류,0,0,0,0,0
2010,파,봉평면,조미채류,4.9,110.7,2259.2,0.230284277,0.20072757
2010,파,대관령면,조미채류,74.4,1674.5,2250.7,3.751199327,3.274483272
2010,파,용평면,조미채류,8,180,2250,0.549005819,0.508556575
2010,양배추,대관령면,엽채류,67.2,1512,2250,0.941059867,0.409617282
2010,파,진부면,조미채류,66.1,1486.3,2248.6,2.815506042,2.606485955
2010,파,평창읍,조미채류,1.5,33.7,2246.7,0.0691851,0.253218919
2010,호박,방림면,과채류,33.8,699.4,2069.2,2.548423066,1.837362318
2010,호박,대화면,과채류,26,537.7,2068.1,1.887575232,1.779405668
2010,호박,미탄면,과채류,12,248.1,2067.5,2.451427221,3.303719273
2010,호박,평창읍,과채류,0.6,12.4,2066.7,0.046849277,0.167807832
2010,딸기,미탄면,과채류,0,0,0,0,0
2010,딸기,방림면,과채류,0,30.7,2558.3,0,0.461190775
2010,딸기,봉평면,과채류,0,0,0,0,0
2010,딸기,용평면,과채류,0,64,2560,0,1.862276203
2010,딸기,진부면,과채류,0,0,0,0,0
2010,딸기,평창읍,과채류,0,0,0,0,0
2010,호박,진부면,과채류,13.7,282.9,2065,0.987883871,0.893523854
2010,호박,용평면,과채류,0.2,4.1,2050,0.023235246,0.020862912
2010,시금치,진부면,엽채류,0.2,0.4,2000,0.599810048,0.071068666
2010,딸기,대화면,과채류,0.3,5.7,1900,6.642812834,0.107865571
2010,마늘,봉평면,조미채류,0,0,0,0,0
2010,마늘,용평면,조미채류,0,0,0,0,0
2010,마늘,진부면,조미채류,0,0,0,0,0
2010,시금치,방림면,엽채류,2,34,1700,6.271670536,5.024502478
2010,고구마,방림면,서류,0.5,8,1600,0.246387057,0.181557653
2010,고구마,평창읍,서류,12,192,1600,6.123869749,22.44642414
2010,포도,평창읍,과실류,1.4,22.4,1600,7.144514707,26.18749483
2010,고구마,미탄면,서류,1.5,24,1600,2.002728488,2.760851254
2010,배,미탄면,과실류,3,43.5,1450,18.69213256,25.76794504
2010,생강,방림면,조미채류,0.1,1.2,1200,6.898837589,5.083614272
2010,메밀,진부면,잡곡,0,0,0,0,0
2010,양배추,진부면,엽채류,45.4,459,1011,0.537108011,0.111514272
2010,고구마,대관령면,서류,0,0,0,0,0
2010,사과,평창읍,과실류,9.2,92,1000,5.0561181,18.53268865
2010,사과,진부면,과실류,2.3,23,1000,1.167322632,1.081337092
2010,사과,미탄면,과실류,1.5,15,1000,2.156784526,2.973224428
2010,고추,봉평면,조미채류,10.7,95.4,891.6,0.199881682,0.348287925
2010,고추,용평면,조미채류,24.4,200,819.7,0.665576223,1.137699067
2010,고추,방림면,조미채류,51.2,396.9,775.2,0.906390774,1.165619009
2010,마늘,방림면,조미채류,0.1,7,700,0.098554823,0.64466123
2010,기타잡곡,대관령면,잡곡,0,0,0,0,0
2010,배,대화면,과실류,0,0,0,0,0
2010,마늘,평창읍,조미채류,4.3,30,700,4.38877332,14.23233415
2010,배,방림면,과실류,0,0,0,0,0
2010,배,봉평면,과실류,0,0,0,0,0
2010,배,용평면,과실류,0,0,0,0,0
2010,배,진부면,과실류,0,0,0,0,0
2010,배,평창읍,과실류,0,0,0,0,0
2010,녹두,대관령면,두류,0,0,0,0,0
2010,마늘,대화면,조미채류,1,7,700,0.948973262,0.812077183
2010,마늘,미탄면,조미채류,1.6,11.2,700,4.272487442,5.228278704
2010,옥수수,방림면,잡곡,50,269.3,538.5,0.530679815,0.391114283
2010,옥수수,평창읍,잡곡,313,1685.5,538.5,3.44035862,12.61006843
2010,옥수수,대화면,잡곡,111,597.7,538.5,1.134388038,1.093493822
2010,옥수수,진부면,잡곡,35,188.5,538.5,0.355272105,0.329141545
2010,옥수수,봉평면,잡곡,50,269.3,538.5,0.559984843,0.48620363
2010,논벼,대관령면,미곡,0,0,0,0,0
2010,복숭아,대화면,과실류,0,0,0,,
2010,복숭아,미탄면,과실류,0,0,0,,
2010,복숭아,방림면,과실류,0,0,0,,
2010,복숭아,봉평면,과실류,0,0,0,,
2010,복숭아,용평면,과실류,0,0,0,,
2010,복숭아,진부면,과실류,0,0,0,,
2010,복숭아,평창읍,과실류,0,0,0,,
2010,딸기,대관령면,과채류,0,238,2559.1,0,4.793270434
2010,사과,대화면,과실류,0,0,0,0,0
2010,옥수수,용평면,잡곡,42,226.2,538.5,0.686869626,0.636329133
2010,사과,방림면,과실류,0,0,0,0,0
2010,사과,봉평면,과실류,0,0,0,0,0
2010,사과,용평면,과실류,0,0,0,0,0
2010,옥수수,대관령면,잡곡,5,26.9,538.5,0.06007659,0.052376002
2010,옥수수,미탄면,잡곡,44,236.9,538.5,1.265313589,1.743972282
2010,마늘,대관령면,조미채류,0,0,0,0,0
2010,고추,진부면,조미채류,51.5,252.3,489.9,0.871933262,0.890834031
2010,상추,미탄면,엽채류,0,0,0,0,0
2010,논벼,방림면,미곡,16,75,456,0.192302093,0.14569013
2010,논벼,평창읍,미곡,313,1427,456,3.895876486,14.2795396
2010,상추,용평면,엽채류,0,0,0,0,0
2010,논벼,대화면,미곡,145,659,456,1.678062476,1.612575429
2010,논벼,진부면,미곡,1,6,456,0.011494618,0.014012775
2010,메밀,대관령면,잡곡,0,0,0,0,0
2010,생강,대화면,조미채류,0,0,0,0,0
2010,생강,미탄면,조미채류,0,0,0,0,0
2010,논벼,봉평면,미곡,56,254,456,0.710224679,0.613362337
2010,생강,봉평면,조미채류,0,0,0,0,0
2010,생강,용평면,조미채류,0,0,0,0,0
2010,생강,진부면,조미채류,0,0,0,0,0
2010,생강,평창읍,조미채류,0,0,0,0,0
2010,배,대관령면,과실류,0,0,0,0,0
2010,수박,대화면,과채류,0,0,0,0,0
2010,수박,미탄면,과채류,0,0,0,0,0
2010,논벼,용평면,미곡,29,132,456,0.537062073,0.496666288
2010,수박,봉평면,과채류,0,0,0,0,0
2010,수박,용평면,과채류,0,0,0,0,0
2010,수박,진부면,과채류,0,0,0,0,0
2010,논벼,미탄면,미곡,14,64,456,0.455905672,0.630167552
2010,사과,대관령면,과실류,0,0,0,0,0
2010,오이,봉평면,과채류,0.5,2.1,420,1.819950739,0.168628771
2010,고추,대화면,조미채류,39.1,156.9,401.3,0.666497259,0.580449206
2010,고추,미탄면,조미채류,48.4,152.8,315.7,2.321527369,2.274605432
2010,상추,평창읍,엽채류,0.5,1.5,300,0.06727415,0.032110882
2010,고추,평창읍,조미채류,163.5,446.7,273.2,2.99750617,6.757916777
2010,콩,방림면,두류,22,39.6,180,0.607097708,0.447358056
2010,콩,평창읍,두류,57.6,103.7,180,1.646096188,6.034762697
2010,생강,대관령면,조미채류,0,0,0,0,0
2010,시금치,대화면,엽채류,0,0,0,0,0
2010,시금치,미탄면,엽채류,0,0,0,0,0
2010,콩,대화면,두류,62.4,112.3,180,1.658046083,1.598106024
2010,시금치,봉평면,엽채류,0,0,0,0,0
2010,시금치,용평면,엽채류,0,0,0,0,0
2010,콩,진부면,두류,15,27,180,0.395874632,0.366714318
2010,시금치,평창읍,엽채류,0,0,0,0,0
2010,수박,대관령면,과채류,0,0,0,0,0
2010,콩,봉평면,두류,25.4,45.7,180,0.73962798,0.641786825
2010,콩,용평면,두류,17,30.6,180,0.722848511,0.669581409
2010,콩,대관령면,두류,5,9,180,0.156199133,0.13630611
2010,콩,미탄면,두류,45.6,82.1,180,3.409444978,4.701218417
2010,팥,방림면,두류,13,15.6,120,1.401326385,1.032609149
2010,팥,평창읍,두류,15,18,120,1.674495634,6.137694101
2010,팥,대화면,두류,12,14.4,120,1.245527406,1.200714121
2010,수수,대관령면,잡곡,0,0,0,0,0
2010,팥,진부면,두류,3,3.6,120,0.309277056,0.286495561
2010,양파,미탄면,조미채류,0,0,0,0,0
2010,팥,봉평면,두류,5,6,120,0.568734606,0.493715932
2010,팥,용평면,두류,4,4.8,120,0.664382823,0.615424089
2010,양파,용평면,조미채류,0,0,0,0,0
2010,팥,미탄면,두류,12,14.4,120,3.504774855,4.831489695
2010,수수,방림면,잡곡,0.3,0.2,117,0.090774179,0.048415374
2010,시금치,대관령면,엽채류,0,0,0,0,0
2010,수수,평창읍,잡곡,10,9,117,3.133559082,11.22321207
2010,오이,미탄면,과채류,0,0,0,0,0
2010,오이,방림면,과채류,0,0,0,0,0
2010,수수,대화면,잡곡,4.2,3.3,117,1.223676048,1.006312787
2010,오이,용평면,과채류,0,0,0,0,0
2010,오이,진부면,과채류,0,0,0,0,0
2010,수수,진부면,잡곡,0.3,0.4,117,0.086814612,0.116417244
2010,오이,대관령면,과채류,0,0,0,0,0
2010,수수,봉평면,잡곡,3,2.9,117,0.95786881,0.872701685
2010,수수,용평면,잡곡,3,2.9,117,1.398700679,1.359794177
2010,수수,미탄면,잡곡,2,2.3,117,1.639660751,2.822203504
2010,들깨,미탄면,특용작물,37,40,108.1,5.622836623,8.312240335
2010,조,방림면,잡곡,1.95,2.07,106,1.211957955,0.894819859
2010,조,평창읍,잡곡,3.12,3.3,106,2.008187918,7.348531712
2010,조,대화면,잡곡,2.23,2.36,106,1.334547083,1.285118061
2010,참깨,대관령면,특용작물,0,0,0,0,0
2010,자두,대화면,과실류,0,0,0,,
2010,자두,미탄면,과실류,0,0,0,,
2010,자두,방림면,과실류,0,0,0,,
2010,자두,봉평면,과실류,0,0,0,,
2010,자두,용평면,과실류,0,0,0,,
2010,자두,진부면,과실류,0,0,0,,
2010,자두,평창읍,과실류,0,0,0,,
2010,토마토,대관령면,과채류,0,0,0,0,0
2010,조,진부면,잡곡,0.2,0.21,106,0.118881271,0.109141166
2010,조,봉평면,잡곡,1.2,1.27,106,0.787005725,0.682469914
2010,조,용평면,잡곡,1.1,1.17,106,1.053435827,0.979654672
2010,조,대관령면,잡곡,0.1,0.11,106,0.07035997,0.063748606
2010,조,미탄면,잡곡,1.2,1.27,106,2.020771087,2.782762772
2010,들깨,평창읍,특용작물,35,37,105.7,2.03299199,7.814010554
2010,기타두류,방림면,두류,4.5,4.5,100,1.773986809,1.307215099
2010,팥,대관령면,두류,0,0,120,0,0
2010,기타잡곡,방림면,잡곡,2,2,100,0.663349768,0.513496391
2010,메밀,방림면,잡곡,2.5,2.5,100,0.189528505,0.139659733
2010,참깨,방림면,특용작물,0,0,0,0,0
2010,기타두류,평창읍,두류,5.4,5.4,100,2.20459311,8.08071269
2010,참깨,용평면,특용작물,0,0,0,0,0
2010,참깨,진부면,특용작물,0,0,0,0,0
2010,기타잡곡,평창읍,잡곡,7,7,100,2.404403988,9.258205243
2010,포도,대관령면,과실류,0,0,0,0,0
2010,메밀,평창읍,잡곡,5,5,100,0.392555753,1.438873342
2010,기타두류,대화면,두류,1,1,100,0.379589305,0.365931923
2010,기타잡곡,대화면,잡곡,6.8,6.8,100,2.171688811,2.199287817
2010,메밀,대화면,잡곡,1.5,1.5,100,0.109496915,0.105557285
2010,참깨,대화면,특용작물,1,1,100,0.510985603,0.800476081
2010,기타두류,진부면,두류,1,1,100,0.377023459,0.349251731
2010,기타두류,봉평면,두류,1,1,100,0.41598874,0.361117939
2010,호박,대관령면,과채류,0,0,0,0,0
2010,기타잡곡,봉평면,잡곡,2,2,100,0.699981053,0.63833979
2010,토마토,미탄면,과채류,0,0,0,0,0
2010,메밀,봉평면,잡곡,75,75,100,5.999837601,5.208431806
2010,토마토,봉평면,과채류,0,0,0,0,0
2010,참깨,봉평면,특용작물,1,1,100,0.559984843,0.789945491
2010,기타두류,용평면,두류,1,1,100,0.607435724,0.562673453
2010,기타잡곡,용평면,잡곡,1,0,100,0.51106371,0
2010,겉보리,대관령면,맥류,0,0,0,,
2010,파,대화면,조미채류,0,0,0,0,0
2010,파,미탄면,조미채류,0,0,0,0,0
2010,파,방림면,조미채류,0,0,0,0,0
2010,들깨,용평면,특용작물,11,11,100,0.9506616,0.873505158
2010,메밀,용평면,잡곡,5,5,100,0.584072811,0.541032166
2010,기타두류,대관령면,두류,1,1,100,0.446283238,0.38944603
2010,들깨,대관령면,특용작물,1,1,100,0.063495583,0.054962141
2010,기타과실류,대관령면,과실류,0,0,0,,
2010,기타두류,미탄면,두류,2.6,2.6,100,2.777116837,3.828380406
2010,기타잡곡,미탄면,잡곡,2,2,100,1.797320438,2.602822731
2010,메밀,미탄면,잡곡,2,2,100,0.4108161,0.566328462
2010,들깨,방림면,특용작물,17,16,94.1,0.953497878,0.655950229
2010,녹두,방림면,두류,0.1,0.1,90,0.689883759,0.508361427
2010,녹두,평창읍,두류,0.3,0.3,90,2.143354412,7.856248449
2010,녹두,대화면,두류,0.2,0.2,90,1.328562567,1.280761729
2010,복숭아,대관령면,과실류,0,0,0,,
2010,포도,대화면,과실류,0,0,0,0,0
2010,포도,미탄면,과실류,0,0,0,0,0
2010,포도,방림면,과실류,0,0,0,0,0
2010,포도,봉평면,과실류,0,0,0,0,0
2010,포도,용평면,과실류,0,0,0,0,0
2010,포도,진부면,과실류,0,0,0,0,0
2010,들깨,대화면,특용작물,10,9,90,0.540066084,0.464792563
2010,자두,대관령면,과실류,0,0,0,,
2010,녹두,봉평면,두류,0.1,0.1,90,0.727980296,0.631956392
2010,녹두,용평면,두류,0.1,0.1,90,1.063012516,0.984678542
2010,녹두,미탄면,두류,0.2,0.2,90,3.738426512,5.153589008
2010,들깨,진부면,특용작물,6,5,83.3,0.321849294,0.246447794
2010,들깨,봉평면,특용작물,6,5,83.3,0.355112339,0.254821126
2010,참깨,미탄면,특용작물,7,4,57.1,10.06499445,12.88397252
2010,참깨,평창읍,특용작물,4,2,50,2.198312217,6.546873707
2011,감자,대관령면,서류,370,10759.6,2908,1.434611246,1.092346067
2011,감자,대화면,서류,195,5670.6,2908,0.639125989,0.604522584
2011,감자,미탄면,서류,15,436.2,2908,0.170716764,0.238376667
2011,감자,방림면,서류,110,3198.8,2908,0.406425649,0.318847631
2011,감자,봉평면,서류,350,12178,2908,1.453241979,1.632835884
2011,감자,용평면,서류,320,9305.6,2908,1.764707543,1.641922311
2011,감자,진부면,서류,540,15703.2,2908,1.603088288,1.43749673
2011,감자,평창읍,서류,30,872.4,2908,0.120266803,0.292538169
2011,겉보리,대관령면,맥류,0,0,0,0,0
2011,겉보리,대화면,맥류,0,0,0,0,0
2011,겉보리,미탄면,맥류,0,0,0,0,0
2011,겉보리,방림면,맥류,0.5,0.1,200,3.565461373,2.896840569
2011,겉보리,봉평면,맥류,0,0,0,0,0
2011,겉보리,용평면,맥류,0,0,0,0,0
2011,겉보리,진부면,맥류,0,0,0,0,0
2011,겉보리,평창읍,맥류,0.5,0.1,200,3.868582169,9.745303503
2011,고구마,대관령면,서류,0,0,0,0,0
2011,고구마,대화면,서류,0,0,0,0,0
2011,고구마,미탄면,서류,1.5,24,1600,2.745694613,3.970512594
2011,고구마,방림면,서류,0.5,8,1600,0.297121781,0.241403381
2011,고구마,봉평면,서류,0,0,0,0,0
2011,고구마,용평면,서류,0,0,0,0,0
2011,고구마,진부면,서류,0,0,0,0,0
2011,고구마,평창읍,서류,10,160,1600,6.447636948,16.24217251
2011,고추,대관령면,조미채류,23,46,200,0.677616442,0.44499036
2011,고추,대화면,조미채류,55,110,200,1.36974003,1.117390178
2011,고추,미탄면,조미채류,29,58,200,2.507878544,3.020193186
2011,고추,방림면,조미채류,30,60,200,0.84223497,0.569870276
2011,고추,봉평면,조미채류,30,162,540,0.946487183,2.069713482
2011,고추,용평면,조미채류,31,62,200,1.298996707,1.042385979
2011,고추,진부면,조미채류,31,62,200,0.699276555,0.540802936
2011,고추,평창읍,조미채류,25,50,200,0.761531923,1.597590738
2011,기타과실류,대관령면,과실류,0,0,0,,
2011,기타과실류,대화면,과실류,0,0,0,,
2011,기타과실류,미탄면,과실류,0,0,0,,
2011,기타과실류,방림면,과실류,0,0,0,,
2011,기타과실류,봉평면,과실류,0,0,0,,
2011,기타과실류,용평면,과실류,0,0,0,,
2011,기타과실류,진부면,과실류,0,0,0,,
2011,기타과실류,평창읍,과실류,0,0,0,,
2011,기타두류,대관령면,두류,1.5,1.3,84,0.488037551,0.393397275
2011,기타두류,대화면,두류,1.5,1.3,84,0.412546207,0.413095763
2011,기타두류,미탄면,두류,3.6,3,84,3.438087168,4.886784731
2011,기타두류,방림면,두류,5.5,4.6,84,1.705220656,1.366714525
2011,기타두류,봉평면,두류,1.5,1.3,84,0.522625532,0.519557705
2011,기타두류,용평면,두류,1.5,1.3,84,0.694134285,0.683715535
2011,기타두류,진부면,두류,1.5,1.3,84,0.373666714,0.354720205
2011,기타두류,평창읍,두류,6.4,5.4,84,2.152950076,5.397398863
2011,기타잡곡,대관령면,잡곡,0,0,0,0,0
2011,기타잡곡,대화면,잡곡,5.6,5.3,95.9,2.096092758,2.0025069
2011,기타잡곡,미탄면,잡곡,1.6,1.6,95.9,2.079579352,3.098936659
2011,기타잡곡,방림면,잡곡,1.6,1.6,95.9,0.675116946,0.565237184
2011,기타잡곡,봉평면,잡곡,1.6,1.6,95.9,0.758683218,0.760328349
2011,기타잡곡,용평면,잡곡,0.8,0.8,95.9,0.503829225,0.50027966
2011,기타잡곡,진부면,잡곡,0,0,0,0,0
2011,기타잡곡,평창읍,잡곡,5.7,5.5,95.9,2.609576137,6.536484057
2011,녹두,대관령면,두류,0,0,0,0,0
2011,녹두,대화면,두류,0.2,0.1,80,1.2651417,0.885205206
2011,녹두,미탄면,두류,0.2,0.1,80,4.393111381,4.537728679
2011,녹두,방림면,두류,0.1,0.1,80,0.713092275,0.827668734
2011,녹두,봉평면,두류,0.1,0.1,80,0.801359149,1.11333794
2011,녹두,용평면,두류,0.1,0.1,80,1.064339237,1.465104717
2011,녹두,진부면,두류,0,0,0,0,0
2011,녹두,평창읍,두류,0.3,0.2,80,2.321149301,5.568744859
2011,논벼,대관령면,미곡,0,0,0,0,0
2011,논벼,대화면,미곡,116,554,0,1.595178666,1.561084943
2011,논벼,미탄면,미곡,11,53,0,0.525263317,0.765574052
2011,논벼,방림면,미곡,13,62,0,0.201526078,0.163350719
2011,논벼,봉평면,미곡,45,215,0,0.783938298,0.761970714
2011,논벼,용평면,미곡,23,110,0,0.532169619,0.513019842
2011,논벼,진부면,미곡,1,5,0,0.012455557,0.012098233
2011,논벼,평창읍,미곡,251,1200,0,4.22180054,10.63607477
2011,당근,대관령면,근채류,30,750,2500,2.806215916,1.164662984
2011,당근,대화면,근채류,8,2000,2500,0.63257085,3.261282339
2011,당근,미탄면,근채류,0,0,0,0,0
2011,당근,방림면,근채류,0,0,0,0,0
2011,당근,봉평면,근채류,9,225,2500,0.901529042,0.461449278
2011,당근,용평면,근채류,11,275,2500,1.463466451,0.742191205
2011,당근,진부면,근채류,22,550,2500,1.575627979,0.770116235
2011,당근,평창읍,근채류,0,0,0,0,0
2011,들깨,대관령면,특용작물,1,0.7,70,0.136058954,0.101241946
2011,들깨,대화면,특용작물,2,1.5,75,0.230025764,0.227810163
2011,들깨,미탄면,특용작물,17,12.6,74.1,6.789353952,9.809501703
2011,들깨,방림면,특용작물,4,3,75,0.518612563,0.426005966
2011,들깨,봉평면,특용작물,10,7.4,74,1.457016634,1.413502581
2011,들깨,용평면,특용작물,2,1.5,75,0.38703245,0.377049008
2011,들깨,진부면,특용작물,2,1.5,75,0.208347501,0.19561776
2011,들깨,평창읍,특용작물,17,12.6,74.1,2.391487159,6.019158046
2011,딸기,대관령면,과채류,10,225,225,5.756340341,4.396409939
2011,딸기,대화면,과채류,0,0,0,0,0
2011,딸기,미탄면,과채류,0,0,0,0,0
2011,딸기,방림면,과채류,0,0,0,0,0
2011,딸기,봉평면,과채류,0,0,0,0,0
2011,딸기,용평면,과채류,3,77,77,2.45616747,2.614872326
2011,딸기,진부면,과채류,0,0,0,0,0
2011,딸기,평창읍,과채류,0,0,0,0,0
2011,마늘,대관령면,조미채류,0,0,0,0,0
2011,마늘,대화면,조미채류,3,24,500,2.711017929,2.655615619
2011,마늘,미탄면,조미채류,2,16,800,6.275873401,9.075457358
2011,마늘,방림면,조미채류,1,8,800,1.018703249,0.827668734
2011,마늘,봉평면,조미채류,0,0,0,0,0
2011,마늘,용평면,조미채류,0,0,0,0,0
2011,마늘,진부면,조미채류,0,0,0,0,0
2011,마늘,평창읍,조미채류,1,8,800,1.105309191,2.78437243
2011,메밀,대관령면,잡곡,0,0,0,0,0
2011,메밀,대화면,잡곡,1.57,1.5,95,0.104551662,0.102816976
2011,메밀,미탄면,잡곡,2.09,2,95,0.483293125,0.702745592
2011,메밀,방림면,잡곡,2.61,2.5,95,0.195933344,0.160223483
2011,메밀,봉평면,잡곡,78.3,74.4,95,6.605581781,6.414008841
2011,메밀,용평면,잡곡,5.22,5,95,0.584887969,0.567241871
2011,메밀,진부면,잡곡,0,0,0,0,0
2011,메밀,평창읍,잡곡,5.2,5,95,0.423552527,1.078020299
2011,무,대관령면,근채류,92,2666,2897.8,1.729794736,1.225230297
2011,무,대화면,근채류,77,3099,4024.7,1.223817977,1.495541787
2011,무,미탄면,근채류,21,637,3033.3,1.158986671,1.57583584
2011,무,방림면,근채류,58,1895,3267.2,1.039179697,0.855064311
2011,무,봉평면,근채류,70,2088,2982.9,1.409425638,1.267332347
2011,무,용평면,근채류,30,950,3166.7,0.802265757,0.758796446
2011,무,진부면,근채류,46,1345,2923.9,0.662210023,0.557358267
2011,무,평창읍,근채류,4,160,4000,0.077760446,0.242873608
2011,배,대관령면,과실류,0,0,0,,
2011,배,대화면,과실류,0,0,0,,
2011,배,미탄면,과실류,0,0,0,,
2011,배,방림면,과실류,0,0,0,,
2011,배,봉평면,과실류,0,0,0,,
2011,배,용평면,과실류,0,0,0,,
2011,배,진부면,과실류,0,0,0,,
2011,배,평창읍,과실류,0,0,0,,
2011,배추,대관령면,엽채류,239,7887,3300,0.992505518,0.774004067
2011,배추,대화면,엽채류,327,11243,3438.2,1.147894939,1.158598619
2011,배추,미탄면,엽채류,58,2287,3943.1,0.706993507,1.208124038
2011,배추,방림면,엽채류,591,21780,3685.3,2.338721056,2.098559375
2011,배추,봉평면,엽채류,110,3699,3362.7,0.489175951,0.47942224
2011,배추,용평면,엽채류,94,3055,3250,0.555204707,0.521058779
2011,배추,진부면,엽채류,324,7775,2399.7,1.030175493,0.68799674
2011,배추,평창읍,엽채류,59,2404,4074.6,0.25332558,0.779235311
2011,복숭아,대관령면,과실류,0,0,0,,
2011,복숭아,대화면,과실류,0,0,0,,
2011,복숭아,미탄면,과실류,0,0,0,,
2011,복숭아,방림면,과실류,0,0,0,,
2011,복숭아,봉평면,과실류,0,0,0,,
2011,복숭아,용평면,과실류,0,0,0,,
2011,복숭아,진부면,과실류,0,0,0,,
2011,복숭아,평창읍,과실류,0,0,0,,
2011,사과,대관령면,과실류,1.1,22,2000,0.165959006,0.130868045
2011,사과,대화면,과실류,6.2,124,2000,0.790713563,0.774554556
2011,사과,미탄면,과실류,4.7,94,2000,2.081413658,3.009904709
2011,사과,방림면,과실류,4.2,84,2000,0.603828136,0.490593967
2011,사과,봉평면,과실류,2.4,48,2000,0.387754427,0.377098335
2011,사과,용평면,과실류,0.5,10,2000,0.107292262,0.103384405
2011,사과,진부면,과실류,8.8,176,2000,1.01653418,0.94401345
2011,사과,평창읍,과실류,21.7,434,2000,3.385009397,8.527140566
2011,상추,대관령면,엽채류,3,54,1800,0.831471383,0.655662124
2011,상추,대화면,엽채류,5,90,1800,1.1714275,1.14748823
2011,상추,미탄면,엽채류,0,0,0,0,0
2011,상추,방림면,엽채류,11,198,1800,2.905190748,2.360388612
2011,상추,봉평면,엽채류,0,0,0,0,0
2011,상추,용평면,엽채류,0,0,0,0,0
2011,상추,진부면,엽채류,8,144,1800,1.697646308,1.576534246
2011,상추,평창읍,엽채류,0,0,0,0,0
2011,생강,대관령면,조미채류,0,0,0,,
2011,생강,대화면,조미채류,0,0,0,,
2011,생강,미탄면,조미채류,0,0,0,,
2011,생강,방림면,조미채류,0,0,0,,
2011,생강,봉평면,조미채류,0,0,0,,
2011,생강,용평면,조미채류,0,0,0,,
2011,생강,진부면,조미채류,0,0,0,,
2011,생강,평창읍,조미채류,0,0,0,,
2011,수박,대관령면,과채류,0,0,0,0,0
2011,수박,대화면,과채류,0,0,0,0,0
2011,수박,미탄면,과채류,0,0,0,0,0
2011,수박,방림면,과채류,0,0,0,0,0
2011,수박,봉평면,과채류,0,0,0,0,0
2011,수박,용평면,과채류,0,0,0,0,0
2011,수박,진부면,과채류,0,0,0,0,0
2011,수박,평창읍,과채류,4,140,3500,7.737164337,19.49060701
2011,수수,대관령면,잡곡,0,0,0,0,0
2011,수수,대화면,잡곡,2.5,2.8,111,0.988391953,0.969274974
2011,수수,미탄면,잡곡,1.8,2,111,2.471125152,3.549061537
2011,수수,방림면,잡곡,0.2,0.2,111,0.089136534,0.064733867
2011,수수,봉평면,잡곡,2.2,2.5,111,1.101868829,1.08845888
2011,수수,용평면,잡곡,2.2,2.5,111,1.463466451,1.432364947
2011,수수,진부면,잡곡,0.3,0.3,111,0.10742918,0.089175471
2011,수수,평창읍,잡곡,6.8,7.6,111,3.288294843,8.275341522
2011,시금치,대관령면,엽채류,0,0,0,,
2011,시금치,대화면,엽채류,0,0,0,,
2011,시금치,미탄면,엽채류,0,0,0,,
2011,시금치,방림면,엽채류,0,0,0,,
2011,시금치,봉평면,엽채류,0,0,0,,
2011,시금치,용평면,엽채류,0,0,0,,
2011,시금치,진부면,엽채류,0,0,0,,
2011,시금치,평창읍,엽채류,0,0,0,,
2011,양배추,대관령면,엽채류,78,5299,6793.6,1.459232276,1.398442861
2011,양배추,대화면,엽채류,70,3709,5298.6,1.106998988,1.027843594
2011,양배추,미탄면,엽채류,25,1324,5296,1.372847307,1.880843891
2011,양배추,방림면,엽채류,30,1590,5300,0.534819206,0.411983587
2011,양배추,봉평면,엽채류,52,2755,5298.1,1.041766893,0.960229078
2011,양배추,용평면,엽채류,45,2384,5297.8,1.197381642,1.093455614
2011,양배추,진부면,엽채류,76,4027,5298.7,1.088615695,0.958268068
2011,양배추,평창읍,엽채류,24,1272,5300,0.46422986,1.108767984
2011,양파,대관령면,조미채류,1,50,5000,0.935405305,0.73761989
2011,양파,대화면,조미채류,1,50,5000,0.790713563,0.774554556
2011,양파,미탄면,조미채류,0,0,0,0,0
2011,양파,방림면,조미채류,0,0,0,0,0
2011,양파,봉평면,조미채류,0,0,0,0,0
2011,양파,용평면,조미채류,0,0,0,0,0
2011,양파,진부면,조미채류,6,300,5000,4.297167217,3.990602311
2011,양파,평창읍,조미채류,0,0,0,0,0
2011,오이,대관령면,과채류,0,0,0,0,0
2011,오이,대화면,과채류,0,0,0,0,0
2011,오이,미탄면,과채류,0,0,0,0,0
2011,오이,방림면,과채류,0,0,0,0,0
2011,오이,봉평면,과채류,0,0,0,0,0
2011,오이,용평면,과채류,0,0,0,0,0
2011,오이,진부면,과채류,0,0,0,0,0
2011,오이,평창읍,과채류,2,120,0,7.737164337,19.49060701
2011,옥수수,대관령면,잡곡,5,25.3,500.5,0.057036909,0.045468027
2011,옥수수,대화면,잡곡,112,560.7,500.5,1.079999013,1.058121491
2011,옥수수,미탄면,잡곡,44.4,222.3,500.5,1.486693181,2.150497822
2011,옥수수,방림면,잡곡,50.5,252.6,500.5,0.548950608,0.445708499
2011,옥수수,봉평면,잡곡,50.5,252.6,500.5,0.616899954,0.599544433
2011,옥수수,용평면,잡곡,42.4,212.2,500.5,0.68792658,0.662788654
2011,옥수수,진부면,잡곡,35.3,176.8,500.5,0.308313014,0.286498549
2011,옥수수,평창읍,잡곡,315.9,1581,500.5,3.725869229,9.38469611
2011,자두,대관령면,과실류,0,0,0,,
2011,자두,대화면,과실류,0,0,0,,
2011,자두,미탄면,과실류,0,0,0,,
2011,자두,방림면,과실류,0,0,0,,
2011,자두,봉평면,과실류,0,0,0,,
2011,자두,용평면,과실류,0,0,0,,
2011,자두,진부면,과실류,0,0,0,,
2011,자두,평창읍,과실류,0,0,0,,
2011,조,대관령면,잡곡,0.09,0.09,100,0.066748446,0.052634918
2011,조,대화면,잡곡,2.03,2.03,100,1.272664842,1.246656688
2011,조,미탄면,잡곡,1.09,1.09,100,2.372889695,3.431404343
2011,조,방림면,잡곡,1.77,1.77,100,1.25091509,1.016334551
2011,조,봉평면,잡곡,1.09,1.09,100,0.86569026,0.841899751
2011,조,용평면,잡곡,1,1,100,1.054845626,1.016425473
2011,조,진부면,잡곡,0.18,0.18,100,0.102212104,0.094920174
2011,조,평창읍,잡곡,2.84,2.84,100,2.177754878,5.485958761
2011,참깨,대관령면,특용작물,0,0,0,0,0
2011,참깨,대화면,특용작물,0,0,0,0,0
2011,참깨,미탄면,특용작물,5,3,60,15.6896835,22.6886434
2011,참깨,방림면,특용작물,0,0,0,0,0
2011,참깨,봉평면,특용작물,0,0,0,0,0
2011,참깨,용평면,특용작물,0,0,0,0,0
2011,참깨,진부면,특용작물,0,0,0,0,0
2011,참깨,평창읍,특용작물,2,1.2,60,2.210618382,5.568744859
2011,콩,대관령면,두류,6,9.9,165,0.149664849,0.117995345
2011,콩,대화면,두류,74.9,123.6,165,1.579318556,1.546918894
2011,콩,미탄면,두류,54.7,90.3,165,4.005053209,5.793371638
2011,콩,방림면,두류,26.4,43.6,165,0.627521202,0.510209044
2011,콩,봉평면,두류,30.5,50.3,165,0.814715134,0.791771942
2011,콩,용평면,두류,20.4,33.7,165,0.723750681,0.698077566
2011,콩,진부면,두류,18,29.7,165,0.343773377,0.319183703
2011,콩,평창읍,두류,69.1,114,165,1.782126852,4.487839222
2011,토마토,대관령면,과채류,0,0,0,0,0
2011,토마토,대화면,과채류,2,132,6600,0.903672643,0.885205206
2011,토마토,미탄면,과채류,1,66,6600,1.56896835,2.26886434
2011,토마토,방림면,과채류,4,264,6600,2.037406499,1.655337468
2011,토마토,봉평면,과채류,1,66,6600,0.572399392,0.55666897
2011,토마토,용평면,과채류,1,66,6600,0.760242312,0.732552359
2011,토마토,진부면,과채류,5,330,6600,2.046270103,1.900286815
2011,토마토,평창읍,과채류,0,0,0,0,0
2011,파,대관령면,조미채류,58,1334,2300,2.855447774,2.251681769
2011,파,대화면,조미채류,4,92,2300,0.166466013,0.163064117
2011,파,미탄면,조미채류,0,0,0,0,0
2011,파,방림면,조미채류,0,0,0,0,0
2011,파,봉평면,조미채류,4,92,2300,0.210883986,0.205088568
2011,파,용평면,조미채류,6,138,2300,0.420133909,0.404831567
2011,파,진부면,조미채류,70,1610,2300,2.638611449,2.45036984
2011,파,평창읍,조미채류,10,230,2300,0.50902397,1.282276777
2011,팥,대관령면,두류,0,0,0,0,0
2011,팥,대화면,두류,11.3,12.4,110,1.187383822,1.162417729
2011,팥,미탄면,두류,11.3,12.4,110,4.123102874,5.958772305
2011,팥,방림면,두류,12.2,13.4,110,1.445137168,1.174513272
2011,팥,봉평면,두류,4.7,5.2,110,0.625645847,0.613093813
2011,팥,용평면,두류,3.8,4.1,110,0.671842043,0.636134726
2011,팥,진부면,두류,2.8,3.1,110,0.26649099,0.24953842
2011,팥,평창읍,두류,14.1,15.5,110,1.812192976,4.570414654
2011,포도,대관령면,과실류,0,0,0,0,0
2011,포도,대화면,과실류,0,0,0,0,0
2011,포도,미탄면,과실류,0,0,0,0,0
2011,포도,방림면,과실류,0,0,0,0,0
2011,포도,봉평면,과실류,0,0,0,0,0
2011,포도,용평면,과실류,0,0,0,0,0
2011,포도,진부면,과실류,0,0,0,0,0
2011,포도,평창읍,과실류,1,18,2000,7.737164337,19.49060701
2011,호박,대관령면,과채류,0,0,0,0,0
2011,호박,대화면,과채류,4,132,3300,1.2651417,1.239287289
2011,호박,미탄면,과채류,2,66,3300,2.19655569,3.176410075
2011,호박,방림면,과채류,6,198,3300,2.139276824,1.738104342
2011,호박,봉평면,과채류,4,132,3300,1.602718297,1.558673116
2011,호박,용평면,과채류,2,66,3300,1.064339237,1.025573302
2011,호박,진부면,과채류,2,66,3300,0.572955629,0.532080308
2011,호박,평창읍,과채류,0,0,0,0,0
2012,감자,대관령면,서류,370,10360,2800,1.356851291,1.05808629
2012,감자,대화면,서류,192,5280,2750,0.600457832,0.603062395
2012,감자,미탄면,서류,20,540,2700,0.17796682,0.26233063
2012,감자,방림면,서류,111,2997,2700,0.37424745,0.287259616
2012,감자,봉평면,서류,345,9763.5,2830,1.414152153,1.422869817
2012,감자,용평면,서류,330,9273,2810,1.677782402,1.931571315
2012,감자,진부면,서류,669,19026.4,2844,1.786512266,1.507646749
2012,감자,평창읍,서류,40,1080,2700,0.153577494,0.36008888
2012,겉보리,대관령면,맥류,0,0,0,0,0
2012,겉보리,대화면,맥류,1,2,200,3.247788846,3.330543424
2012,겉보리,미탄면,맥류,1,2,200,9.240927152,14.16582975
2012,겉보리,방림면,맥류,0,0,0,0,0
2012,겉보리,봉평면,맥류,0,0,0,0,0
2012,겉보리,용평면,맥류,0,0,0,0,0
2012,겉보리,진부면,맥류,0,0,0,0,0
2012,겉보리,평창읍,맥류,0,0,0,0,0
2012,고구마,대관령면,서류,0,0,0,0,0
2012,고구마,대화면,서류,1,15.4,1540,0.499659823,0.512391296
2012,고구마,미탄면,서류,3,46.2,1540,4.265043301,6.53807527
2012,고구마,방림면,서류,2,30.8,1540,1.077355446,0.859985735
2012,고구마,봉평면,서류,1,15.4,1540,0.654892758,0.653782143
2012,고구마,용평면,서류,1,15.4,1540,0.812296981,0.934466863
2012,고구마,진부면,서류,1,15.4,1540,0.426651256,0.355480998
2012,고구마,평창읍,서류,4,61.6,1540,2.453695807,5.98300498
2012,고추,대관령면,조미채류,23,46,200,0.689701458,0.539351911
2012,고추,대화면,조미채류,55,110,200,1.406522729,1.442361325
2012,고추,미탄면,조미채류,29,58,200,2.110132972,3.23471703
2012,고추,방림면,조미채류,30,60,200,0.82710359,0.660225269
2012,고추,봉평면,조미채류,30,60,200,1.005543999,1.003838724
2012,고추,용평면,조미채류,31,62,200,1.288801903,1.48263837
2012,고추,진부면,조미채류,31,62,200,0.67693093,0.56401119
2012,고추,평창읍,조미채류,25,50,200,0.784892852,1.913854939
2012,기타과실류,대관령면,과실류,0,0,0,,
2012,기타과실류,대화면,과실류,0,0,0,,
2012,기타과실류,미탄면,과실류,0,0,0,,
2012,기타과실류,방림면,과실류,0,0,0,,
2012,기타과실류,봉평면,과실류,0,0,0,,
2012,기타과실류,용평면,과실류,0,0,0,,
2012,기타과실류,진부면,과실류,0,0,0,,
2012,기타과실류,평창읍,과실류,0,0,0,,
2012,기타두류,대관령면,두류,0,0,0,0,0
2012,기타두류,대화면,두류,4,3.6,90,0.999319645,1.024782592
2012,기타두류,미탄면,두류,3,2.7,90,2.132521651,3.269037635
2012,기타두류,방림면,두류,3,2.7,90,0.808016584,0.644989301
2012,기타두류,봉평면,두류,5,4.5,90,1.637231896,1.634455358
2012,기타두류,용평면,두류,1,0.9,90,0.406148491,0.467233432
2012,기타두류,진부면,두류,0,0,0,0,0
2012,기타두류,평창읍,두류,10,9,90,3.067119759,7.478756225
2012,기타잡곡,대관령면,잡곡,1,1.3,125,0.476043941,0.385234698
2012,기타잡곡,대화면,잡곡,2,2.5,125,0.811947212,0.828493389
2012,기타잡곡,미탄면,잡곡,2,2.5,125,2.310231788,3.523838247
2012,기타잡곡,방림면,잡곡,4,5,125,1.7507026,1.390524198
2012,기타잡곡,봉평면,잡곡,2,2.5,125,1.064200732,1.057110431
2012,기타잡곡,용평면,잡곡,2,2.5,125,1.319982594,1.510953884
2012,기타잡곡,진부면,잡곡,1,1.3,125,0.346654146,0.298887008
2012,기타잡곡,평창읍,잡곡,2,2.5,125,0.996813922,2.418503257
2012,녹두,대관령면,두류,0,0,0,0,0
2012,녹두,대화면,두류,0.1,0.1,90,0.324778885,0.350583518
2012,녹두,미탄면,두류,0.5,0.5,90,4.620463576,7.45569987
2012,녹두,방림면,두류,0.3,0.3,90,1.05042156,0.882616938
2012,녹두,봉평면,두류,0.1,0.1,90,0.425680293,0.447324624
2012,녹두,용평면,두류,0,0,0,0,0
2012,녹두,진부면,두류,0,0,0,0,0
2012,녹두,평창읍,두류,1,0.9,90,3.987255686,9.210678719
2012,논벼,대관령면,미곡,0,0,0,0,0
2012,논벼,대화면,미곡,116,557,480.2,1.638015244,1.680355695
2012,논벼,미탄면,미곡,11,53,481.8,0.441957386,0.680062479
2012,논벼,방림면,미곡,13,62,476.9,0.197905511,0.156962976
2012,논벼,봉평면,미곡,45,216,480,0.832852747,0.831440334
2012,논벼,용평면,미곡,23,110,478.3,0.527993038,0.605202724
2012,논벼,진부면,미곡,1,5,500,0.012057536,0.010464794
2012,논벼,평창읍,미곡,251,1205,480.1,4.351309466,10.61184024
2012,당근,대관령면,근채류,30,750,0,3.311610025,2.589704828
2012,당근,대화면,근채류,8,200,0,0.753110457,0.772299924
2012,당근,미탄면,근채류,0,0,0,0,0
2012,당근,방림면,근채류,0,0,0,0,0
2012,당근,봉평면,근채류,9,225,0,1.110470329,1.108587113
2012,당근,용평면,근채류,0,0,0,0,0
2012,당근,진부면,근채류,22,550,0,1.768438541,1.473442978
2012,당근,평창읍,근채류,0,0,0,0,0
2012,들깨,대관령면,특용작물,1,0.7,74,0.09815339,0.072260395
2012,들깨,대화면,특용작물,4,3,74.3,0.334823592,0.346330339
2012,들깨,미탄면,특용작물,42,31.2,74.2,10.00306547,15.31971883
2012,들깨,방림면,특용작물,0,0,0,0,0
2012,들깨,봉평면,특용작물,4.4,3.3,74.1,0.482730229,0.48608759
2012,들깨,용평면,특용작물,1.7,1.3,74.1,0.231337156,0.2737
2012,들깨,진부면,특용작물,15.6,11.6,74.2,1.115011273,0.929056058
2012,들깨,평창읍,특용작물,8.9,6.6,74.2,0.914602464,2.224184694
2012,딸기,대관령면,과채류,10,225,0,5.859002351,4.437656453
2012,딸기,대화면,과채류,0,0,0,0,0
2012,딸기,미탄면,과채류,0,0,0,0,0
2012,딸기,방림면,과채류,0,0,0,0,0
2012,딸기,봉평면,과채류,0,0,0,0,0
2012,딸기,용평면,과채류,3,77,0,2.436890943,3.097355398
2012,딸기,진부면,과채류,0,0,0,0,0
2012,딸기,평창읍,과채류,0,0,0,0,0
2012,마늘,대관령면,조미채류,0,0,0,0,0
2012,마늘,대화면,조미채류,3,24,800,2.783819011,2.854751506
2012,마늘,미탄면,조미채류,2,16,800,5.280529801,8.094759859
2012,마늘,방림면,조미채류,1,8,800,1.000401485,0.798558182
2012,마늘,봉평면,조미채류,0,0,0,0,0
2012,마늘,용평면,조미채류,0,0,0,0,0
2012,마늘,진부면,조미채류,0,0,0,0,0
2012,마늘,평창읍,조미채류,1,8,800,1.13921591,2.777823741
2012,메밀,대관령면,잡곡,1,1,95,0.069242755,0.056835125
2012,메밀,대화면,잡곡,5,4.8,95,0.295253531,0.305087947
2012,메밀,미탄면,잡곡,5,4.8,95,0.840084287,1.29763326
2012,메밀,방림면,잡곡,4,3.8,95,0.254647651,0.202687478
2012,메밀,봉평면,잡곡,69,65.6,95,5.340352765,5.320089808
2012,메밀,용평면,잡곡,23,21.9,95,2.207970885,2.538575535
2012,메밀,진부면,잡곡,1,1,95,0.050422421,0.044095925
2012,메밀,평창읍,잡곡,2,1.9,95,0.144991116,0.352529158
2012,무,대관령면,근채류,92,2666,2897.8,1.760644928,1.309437789
2012,무,대화면,근채류,77,2386,3098.7,1.256682116,1.310575841
2012,무,미탄면,근채류,21,637,3033.3,0.975173217,1.488188926
2012,무,방림면,근채류,58,1895,3267.2,1.020510058,0.873495035
2012,무,봉평면,근채류,70,2088,2982.9,1.497367864,1.463367898
2012,무,용평면,근채류,30,950,3166.7,0.795969404,0.951650512
2012,무,진부면,근채류,46,1345,2923.9,0.641048873,0.512541045
2012,무,평창읍,근채류,4,160,4000,0.080145843,0.256548412
2012,배,대관령면,과실류,0,0,0,0,0
2012,배,대화면,과실류,0,0,0,0,0
2012,배,미탄면,과실류,4,72,0,14.78548344,21.24874463
2012,배,방림면,과실류,0,0,0,0,0
2012,배,봉평면,과실류,0,0,0,0,0
2012,배,용평면,과실류,0,0,0,0,0
2012,배,진부면,과실류,0,0,0,0,0
2012,배,평창읍,과실류,1,24,0,1.594902275,4.861191546
2012,배추,대관령면,엽채류,239,7887,3300,1.057752487,0.820754137
2012,배추,대화면,엽채류,327,11243,3438.2,1.234197505,1.308429852
2012,배추,미탄면,엽채류,58,2287,3943.1,0.62286319,1.132038809
2012,배추,방림면,엽채류,591,21780,3685.3,2.404800085,2.127088779
2012,배추,봉평면,엽채류,110,3699,3362.7,0.544158422,0.549267466
2012,배추,용평면,엽채류,94,162,172.3,0.576773336,0.03438313
2012,배추,진부면,엽채류,243,7775,3199.6,0.783144288,0.627745023
2012,배추,평창읍,엽채류,59,2404,4074.6,0.27338534,0.816695807
2012,복숭아,대관령면,과실류,0,0,0,,
2012,복숭아,대화면,과실류,0,0,0,,
2012,복숭아,미탄면,과실류,0,0,0,,
2012,복숭아,방림면,과실류,0,0,0,,
2012,복숭아,봉평면,과실류,0,0,0,,
2012,복숭아,용평면,과실류,0,0,0,,
2012,복숭아,진부면,과실류,0,0,0,,
2012,복숭아,평창읍,과실류,0,0,0,,
2012,사과,대관령면,과실류,2,29,1450,0.411713679,0.284568883
2012,사과,대화면,과실류,2,30,1500,0.351112308,0.329213518
2012,사과,미탄면,과실류,5,62,1240,2.497547879,2.89384331
2012,사과,방림면,과실류,4,54,1350,0.757060584,0.497289939
2012,사과,봉평면,과실류,0,0,0,0,0
2012,사과,용평면,과실류,0,0,0,0,0
2012,사과,진부면,과실류,8,144,1800,1.199235964,1.096310426
2012,사과,평창읍,과실류,16,288,1800,3.44843735,9.225852819
2012,상추,대관령면,엽채류,3,54,1800,0.84630034,0.661813456
2012,상추,대화면,엽채류,5,90,1800,1.202884758,1.233534601
2012,상추,미탄면,엽채류,0,0,0,0,0
2012,상추,방림면,엽채류,11,198,1800,2.852996829,2.27736963
2012,상추,봉평면,엽채류,0,0,0,0,0
2012,상추,용평면,엽채류,0,0,0,0,0
2012,상추,진부면,엽채류,8,144,1800,1.643397432,1.369260141
2012,상추,평창읍,엽채류,0,0,0,0,0
2012,생강,대관령면,조미채류,0,0,0,,
2012,생강,대화면,조미채류,0,0,0,,
2012,생강,미탄면,조미채류,0,0,0,,
2012,생강,방림면,조미채류,0,0,0,,
2012,생강,봉평면,조미채류,0,0,0,,
2012,생강,용평면,조미채류,0,0,0,,
2012,생강,진부면,조미채류,0,0,0,,
2012,생강,평창읍,조미채류,0,0,0,,
2012,수박,대관령면,과채류,0,0,0,0,0
2012,수박,대화면,과채류,0,0,0,0,0
2012,수박,미탄면,과채류,0,0,0,0,0
2012,수박,방림면,과채류,0,0,0,0,0
2012,수박,봉평면,과채류,0,0,0,0,0
2012,수박,용평면,과채류,0,0,0,0,0
2012,수박,진부면,과채류,0,0,0,0,0
2012,수박,평창읍,과채류,4,140,3500,7.974511373,19.44476619
2012,수수,대관령면,잡곡,1,1.2,119,0.507780204,0.397088074
2012,수수,대화면,잡곡,2,2.4,119,0.866077026,0.888144913
2012,수수,미탄면,잡곡,3,3.6,119,3.696370861,5.666331901
2012,수수,방림면,잡곡,3,3.6,119,1.40056208,1.117981455
2012,수수,봉평면,잡곡,2,2.4,119,1.135147448,1.133222382
2012,수수,용평면,잡곡,1,1.2,119,0.703990717,0.809871282
2012,수수,진부면,잡곡,1,1.2,119,0.369764422,0.308083532
2012,수수,평창읍,잡곡,2,2.4,119,1.063268183,2.592635491
2012,시금치,대관령면,엽채류,0,0,0,,
2012,시금치,대화면,엽채류,0,0,0,,
2012,시금치,미탄면,엽채류,0,0,0,,
2012,시금치,방림면,엽채류,0,0,0,,
2012,시금치,봉평면,엽채류,0,0,0,,
2012,시금치,용평면,엽채류,0,0,0,,
2012,시금치,진부면,엽채류,0,0,0,,
2012,시금치,평창읍,엽채류,0,0,0,,
2012,양배추,대관령면,엽채류,78,4133,5298.7,1.485257096,1.161530392
2012,양배추,대화면,엽채류,70,3709,5298.6,1.136726096,1.165705913
2012,양배추,미탄면,엽채류,25,1324,5296,1.155115894,1.769893233
2012,양배추,방림면,엽채류,30,1590,5300,0.52521078,0.419361733
2012,양배추,봉평면,엽채류,52,2755,5298.1,1.106768761,1.104803598
2012,양배추,용평면,엽채류,45,2384,5297.8,1.187984335,1.366471503
2012,양배추,진부면,엽채류,76,4027,5298.7,1.053828603,0.878068592
2012,양배추,평창읍,엽채류,24,1272,5300,0.478470682,1.167016259
2012,양파,대관령면,조미채류,1,50,0,0.952087882,0.744540138
2012,양파,대화면,조미채류,1,50,0,0.811947212,0.832635856
2012,양파,미탄면,조미채류,0,0,0,0,0
2012,양파,방림면,조미채류,0,0,0,0,0
2012,양파,봉평면,조미채류,0,0,0,0,0
2012,양파,용평면,조미채류,0,0,0,0,0
2012,양파,진부면,조미채류,6,300,0,4.15984975,3.465939732
2012,양파,평창읍,조미채류,0,0,0,0,0
2012,오이,대관령면,과채류,0,0,0,0,0
2012,오이,대화면,과채류,0,0,0,0,0
2012,오이,미탄면,과채류,2,120,0,9.240927152,14.16582975
2012,오이,방림면,과채류,0,0,0,0,0
2012,오이,봉평면,과채류,0,0,0,0,0
2012,오이,용평면,과채류,0,0,0,0,0
2012,오이,진부면,과채류,0,0,0,0,0
2012,오이,평창읍,과채류,2,120,0,3.987255686,9.722383093
2012,옥수수,대관령면,잡곡,5,25,499,0.060450024,0.047365617
2012,옥수수,대화면,잡곡,104,519,499,1.072285841,1.099657763
2012,옥수수,미탄면,잡곡,56,279.4,499,1.642831494,2.517929151
2012,옥수수,방림면,잡곡,68,339.3,499,0.7558589,0.603300318
2012,옥수수,봉평면,잡곡,44,219.6,499,0.594601044,0.593681934
2012,옥수수,용평면,잡곡,42,209.6,499,0.703990717,0.809922803
2012,옥수수,진부면,잡곡,31,154.7,499,0.272921359,0.227402454
2012,옥수수,평창읍,잡곡,280,1397.2,499,3.544227277,8.641843411
2012,자두,대관령면,과실류,0,0,0,,
2012,자두,대화면,과실류,0,0,0,,
2012,자두,미탄면,과실류,0,0,0,,
2012,자두,방림면,과실류,0,0,0,,
2012,자두,봉평면,과실류,0,0,0,,
2012,자두,용평면,과실류,0,0,0,,
2012,자두,진부면,과실류,0,0,0,,
2012,자두,평창읍,과실류,0,0,0,,
2012,조,대관령면,잡곡,0,0,0,0,0
2012,조,대화면,잡곡,3,3.15,105,1.948673308,1.998326054
2012,조,미탄면,잡곡,2,2.1,105,3.696370861,5.666331901
2012,조,방림면,잡곡,1,1.05,105,0.70028104,0.558990727
2012,조,봉평면,잡곡,1,1.05,105,0.851360586,0.849916786
2012,조,용평면,잡곡,0,0,0,0,0
2012,조,진부면,잡곡,0,0,0,0,0
2012,조,평창읍,잡곡,3,3.15,105,2.392353412,5.833429856
2012,참깨,대관령면,특용작물,0,0,0,0,0
2012,참깨,대화면,특용작물,5,3,0,2.640478737,2.700440614
2012,참깨,미탄면,특용작물,4,2.4,0,6.010359123,9.188646326
2012,참깨,방림면,특용작물,0,0,0,0,0
2012,참깨,봉평면,특용작물,0,0,0,0,0
2012,참깨,용평면,특용작물,0,0,0,0,0
2012,참깨,진부면,특용작물,1.3,0.8,0,0.586211889,0.499594916
2012,참깨,평창읍,특용작물,2,1.2,0,1.296668516,3.153205327
2012,콩,대관령면,두류,1,1.6,161,0.021638361,0.016861489
2012,콩,대화면,두류,79,127.2,161,1.457814312,1.499098102
2012,콩,미탄면,두류,67,107.2,160,3.51785295,5.37359147
2012,콩,방림면,두류,53,85.3,161,1.054400429,0.843628964
2012,콩,봉평면,두류,24,38.6,161,0.580473127,0.580445647
2012,콩,용평면,두류,25,40.3,161,0.74999011,0.866183988
2012,콩,진부면,두류,21,33.8,161,0.330897139,0.276359431
2012,콩,평창읍,두류,82,131.2,160,1.857698672,4.513717841
2012,토마토,대관령면,과채류,0,0,0,0,0
2012,토마토,대화면,과채류,3,190,6333.3,1.217920817,1.240790687
2012,토마토,미탄면,과채류,2,130,6500,2.310231788,3.61089778
2012,토마토,방림면,과채류,4,250,6250,1.7507026,1.370075312
2012,토마토,봉평면,과채류,1,65,6500,0.532100366,0.541613638
2012,토마토,용평면,과채류,1,65,6500,0.659991297,0.774141666
2012,토마토,진부면,과채류,5,320,6400,1.733270729,1.449804855
2012,토마토,평창읍,과채류,0,0,0,0,0
2012,파,대관령면,조미채류,58,1334,2300,2.906373535,2.426918862
2012,파,대화면,조미채류,4,92,2300,0.170936255,0.187177761
2012,파,미탄면,조미채류,0,0,0,0,0
2012,파,방림면,조미채류,0,0,0,0,0
2012,파,봉평면,조미채류,4,92,2300,0.224042259,0.238828175
2012,파,용평면,조미채류,6,138,2300,0.416836609,0.512044457
2012,파,진부면,조미채류,70,1610,2300,2.554293706,2.272515972
2012,파,평창읍,조미채류,10,8,80,0.524638906,0.047513173
2012,팥,대관령면,두류,0,0,0,0,0
2012,팥,대화면,두류,1,1.2,115,0.111992719,0.119481378
2012,팥,미탄면,두류,10,11.5,115,3.186526604,4.870165685
2012,팥,방림면,두류,5,5.8,115,0.603690552,0.484625743
2012,팥,봉평면,두류,1,1.2,115,0.146786308,0.152451442
2012,팥,용평면,두류,1,1.2,115,0.182066565,0.217902587
2012,팥,진부면,두류,0,0,0,0,0
2012,팥,평창읍,두류,40,46,115,5.499663016,13.37009334
2012,포도,대관령면,과실류,0,0,0,0,0
2012,포도,대화면,과실류,0,0,0,0,0
2012,포도,미탄면,과실류,0,0,0,0,0
2012,포도,방림면,과실류,0,0,0,0,0
2012,포도,봉평면,과실류,0,0,0,0,0
2012,포도,용평면,과실류,0,0,0,0,0
2012,포도,진부면,과실류,0,0,0,0,0
2012,포도,평창읍,과실류,1,21,0,7.974511373,19.44476619
2012,호박,대관령면,과채류,0,0,0,,
2012,호박,대화면,과채류,0,0,0,,
2012,호박,미탄면,과채류,0,0,0,,
2012,호박,방림면,과채류,0,0,0,,
2012,호박,봉평면,과채류,0,0,0,,
2012,호박,용평면,과채류,0,0,0,,
2012,호박,진부면,과채류,0,0,0,,
2012,호박,평창읍,과채류,0,0,0,,
2013,감자,대관령면,서류,395,10969.2,2777,1.495354535,1.147664208
2013,감자,대화면,서류,84,2332.7,2777,0.355991561,0.329800815
2013,감자,미탄면,서류,33,916.4,2777,0.378460639,0.710716114
2013,감자,방림면,서류,110,3054.7,2777,0.340848944,0.334379465
2013,감자,봉평면,서류,359,9969.4,2777,1.609525568,1.423332745
2013,감자,용평면,서류,318,8830.9,2777,1.800281921,1.702932014
2013,감자,진부면,서류,535,14857,2777,1.735422205,1.469307098
2013,감자,평창읍,서류,31,860.9,2777,0.125505774,0.353708591
2013,겉보리,대관령면,맥류,0,0,0,0,0
2013,겉보리,대화면,맥류,0.5,1.3,250,1.975965062,1.866474176
2013,겉보리,미탄면,맥류,1.5,3.8,250,16.04157025,29.92819164
2013,겉보리,방림면,맥류,0,0,0,0,0
2013,겉보리,봉평면,맥류,0,0,0,0,0
2013,겉보리,용평면,맥류,0,0,0,0,0
2013,겉보리,진부면,맥류,0,0,0,0,0
2013,겉보리,평창읍,맥류,0,0,0,0,0
2013,고구마,대관령면,서류,0,0,0,0,0
2013,고구마,대화면,서류,3,46.7,1555,1.82396775,1.691159379
2013,고구마,미탄면,서류,2.6,40.4,1555,4.277752066,8.025410752
2013,고구마,방림면,서류,4,62.2,1555,1.778135048,1.743958879
2013,고구마,봉평면,서류,0,0,0,0,0
2013,고구마,용평면,서류,0.2,3.1,1555,0.162434726,0.153118921
2013,고구마,진부면,서류,0.5,7.8,1555,0.232678822,0.197583593
2013,고구마,평창읍,서류,2.7,42,1555,1.568199323,4.419946504
2013,고추,대관령면,조미채류,3,54.9,183,0.110605924,0.08487992
2013,고추,대화면,조미채류,35,641,183,1.444569758,1.33919432
2013,고추,미탄면,조미채류,7,128,183,0.781834581,1.466944844
2013,고추,방림면,조미채류,110,2013,183,3.319494933,3.256173531
2013,고추,봉평면,조미채류,11,201.3,183,0.480292909,0.424691851
2013,고추,용평면,조미채류,20,366,183,1.102690045,1.042956421
2013,고추,진부면,조미채류,2,36.6,183,0.063181717,0.053487866
2013,고추,평창읍,조미채류,3.5,64,183,0.138000327,0.388566726
2013,기타과실류,대관령면,과실류,0,0,0,,
2013,기타과실류,대화면,과실류,0,0,0,,
2013,기타과실류,미탄면,과실류,0,0,0,,
2013,기타과실류,방림면,과실류,0,0,0,,
2013,기타과실류,봉평면,과실류,0,0,0,,
2013,기타과실류,용평면,과실류,0,0,0,,
2013,기타과실류,진부면,과실류,0,0,0,,
2013,기타과실류,평창읍,과실류,0,0,0,,
2013,기타두류,대관령면,두류,0,0,0,,
2013,기타두류,대화면,두류,0,0,0,,
2013,기타두류,미탄면,두류,0,0,0,,
2013,기타두류,방림면,두류,0,0,0,,
2013,기타두류,봉평면,두류,0,0,0,,
2013,기타두류,용평면,두류,0,0,0,,
2013,기타두류,진부면,두류,0,0,0,,
2013,기타두류,평창읍,두류,0,0,0,,
2013,기타잡곡,대관령면,잡곡,0,0,0,,
2013,기타잡곡,대화면,잡곡,0,0,0,,
2013,기타잡곡,미탄면,잡곡,0,0,0,,
2013,기타잡곡,방림면,잡곡,0,0,0,,
2013,기타잡곡,봉평면,잡곡,0,0,0,,
2013,기타잡곡,용평면,잡곡,0,0,0,,
2013,기타잡곡,진부면,잡곡,0,0,0,,
2013,기타잡곡,평창읍,잡곡,0,0,0,,
2013,녹두,대관령면,두류,0,0,0,0,0
2013,녹두,대화면,두류,0.5,0.5,90,1.197554583,1.220386961
2013,녹두,미탄면,두류,0.7,0.6,90,4.537009767,8.033356703
2013,녹두,방림면,두류,2,1.8,90,3.502387216,3.401560951
2013,녹두,봉평면,두류,0,0,0,0,0
2013,녹두,용평면,두류,0,0,0,0,0
2013,녹두,진부면,두류,0,0,0,0,0
2013,녹두,평창읍,두류,0.1,0.1,90,0.228805737,0.709296177
2013,논벼,대관령면,미곡,0,0,0,0,0
2013,논벼,대화면,미곡,115,560,487,2.04717101,1.896623584
2013,논벼,미탄면,미곡,15,73,487,0.722593254,1.356232746
2013,논벼,방림면,미곡,23.3,113,487,0.303264136,0.296312355
2013,논벼,봉평면,미곡,34.7,169,487,0.653474691,0.577995435
2013,논벼,용평면,미곡,6.9,33.6,487,0.164081024,0.155214362
2013,논벼,진부면,미곡,1.1,5.4,487,0.01498787,0.012793091
2013,논벼,평창읍,미곡,248,1208,487,4.217446294,11.88940493
2013,당근,대관령면,근채류,30,672.3,2241,2.750783699,1.883367778
2013,당근,대화면,근채류,6,181,3019,0.615885214,0.685178225
2013,당근,미탄면,근채류,0,0,0,0,0
2013,당근,방림면,근채류,11,331,3019,0.825562701,0.970132757
2013,당근,봉평면,근채류,0,0,0,0,0
2013,당근,용평면,근채류,10,250,2500,1.371202231,1.290816457
2013,당근,진부면,근채류,20,500,2500,1.571337498,1.32398663
2013,당근,평창읍,근채류,0,0,0,0,0
2013,들깨,대관령면,특용작물,1,1,98,0.070603448,0.055236589
2013,들깨,대화면,특용작물,4,3.9,98,0.31615441,0.291101477
2013,들깨,미탄면,특용작물,42.3,41.5,98,9.04744562,16.99206438
2013,들깨,방림면,특용작물,15,14.7,98,0.866840836,0.849523377
2013,들깨,봉평면,특용작물,4.4,4.3,98,0.367904368,0.324110306
2013,들깨,용평면,특용작물,1.7,1.7,98,0.179490372,0.173072565
2013,들깨,진부면,특용작물,15.6,15.3,98,0.943745302,0.798840087
2013,들깨,평창읍,특용작물,16,15.7,98,1.208094293,3.40548929
2013,딸기,대관령면,과채류,10,150,1500,4.30508831,3.304091064
2013,딸기,대화면,과채류,3,45,1500,1.445828094,1.339449104
2013,딸기,미탄면,과채류,0,0,0,0,0
2013,딸기,방림면,과채류,0.4,6,1500,0.140949729,0.138274835
2013,딸기,봉평면,과채류,0,0,0,0,0
2013,딸기,용평면,과채류,3,45,1500,1.931388509,1.826946053
2013,딸기,진부면,과채류,0,0,0,0,0
2013,딸기,평창읍,과채류,0,0,0,0,0
2013,마늘,대관령면,조미채류,0.1,0,1100,0.0094516,0
2013,마늘,대화면,조미채류,15,0,1100,1.587120532,0
2013,마늘,미탄면,조미채류,3.6,0,1100,1.03078363,0
2013,마늘,방림면,조미채류,55,0,1100,4.254908164,0
2013,마늘,봉평면,조미채류,0,0,0,0,0
2013,마늘,용평면,조미채류,0,0,0,0,0
2013,마늘,진부면,조미채류,0,0,0,0,0
2013,마늘,평창읍,조미채류,1,11,1100,0.10107884,21.27888531
2013,메밀,대관령면,잡곡,0,0,0,0,0
2013,메밀,대화면,잡곡,3,2.7,90,0.338736868,0.31381379
2013,메밀,미탄면,잡곡,4,3.6,90,1.222214876,2.295244772
2013,메밀,방림면,잡곡,2,1.8,90,0.16511254,0.161979093
2013,메밀,봉평면,잡곡,37,33.3,90,4.419630395,3.908382655
2013,메밀,용평면,잡곡,13,11.7,90,1.960819191,1.854785231
2013,메밀,진부면,잡곡,6,5.4,90,0.518541374,0.439026401
2013,메밀,평창읍,잡곡,5,4.5,90,0.53932781,1.519920379
2013,무,대관령면,근채류,95,4888,5145,1.226875359,0.941613683
2013,무,대화면,근채류,87,4476,5145,1.257793747,1.16515739
2013,무,미탄면,근채류,13.9,715,5145,0.543815198,1.02098369
2013,무,방림면,근채류,102,5248,5145,1.078199686,1.057709829
2013,무,봉평면,근채류,84.8,4363,5145,1.296967358,1.146896726
2013,무,용평면,근채류,30,1544,5145,0.579381224,0.548202889
2013,무,진부면,근채류,130,6689,5145,1.438548414,1.217991703
2013,무,평창읍,근채류,4,206,5145,0.055244846,0.15583385
2013,배,대관령면,과실류,0,0,0,0,
2013,배,대화면,과실류,0,0,0,0,
2013,배,미탄면,과실류,4,0,2244,19.89652124,
2013,배,방림면,과실류,0.1,0,2244,0.134393928,
2013,배,봉평면,과실류,0,0,0,0,
2013,배,용평면,과실류,0,0,0,0,
2013,배,진부면,과실류,0,0,0,0,
2013,배,평창읍,과실류,0.2,0,2244,0.351190202,
2013,배추,대관령면,엽채류,239,9797,4099,1.396294922,1.071687166
2013,배추,대화면,엽채류,285,11682,4099,1.863963733,1.726812074
2013,배추,미탄면,엽채류,28.8,1181,4099,0.509719733,0.957626198
2013,배추,방림면,엽채류,312,12789,4099,1.491956093,1.463668275
2013,배추,봉평면,엽채류,82.7,3390,4099,0.572191132,0.506025213
2013,배추,용평면,엽채류,91,3730,4099,0.795036329,0.752031815
2013,배추,진부면,엽채류,110,4508,4099,0.550650749,0.466122857
2013,배추,평창읍,엽채류,60,2459,4099,0.374874108,1.056298025
2013,복숭아,대관령면,과실류,0,0,0,0,0
2013,복숭아,대화면,과실류,0,0,0,0,0
2013,복숭아,미탄면,과실류,10,140,1400,21.17699043,39.76909259
2013,복숭아,방림면,과실류,0,0,0,0,0
2013,복숭아,봉평면,과실류,0,0,0,0,0
2013,복숭아,용평면,과실류,0,0,0,0,0
2013,복숭아,진부면,과실류,0,0,0,0,0
2013,복숭아,평창읍,과실류,0.1,1.4,1400,0.07475831,0.210682033
2013,사과,대관령면,과실류,1.1,14.3,1300,0.138685345,0.102226311
2013,사과,대화면,과실류,7.1,92.3,1300,1.002096567,0.891623086
2013,사과,미탄면,과실류,4.7,61.1,1300,1.795128099,3.237718302
2013,사과,방림면,과실류,1.8,23.4,1300,0.185751608,0.17501435
2013,사과,봉평면,과실류,1.7,22.1,1300,0.253830124,0.215583968
2013,사과,용평면,과실류,4.6,89.8,1300,0.867285411,1.183192608
2013,사과,진부면,과실류,8.7,113,1300,0.939856241,0.763566146
2013,사과,평창읍,과실류,26.3,342,1300,3.546080348,9.600763558
2013,상추,대관령면,엽채류,3,51,1750,0.735452586,0.564564201
2013,상추,대화면,엽채류,4,68,1700,1.097758368,1.017196895
2013,상추,미탄면,엽채류,0.5,8.5,1900,0.371332645,0.697482451
2013,상추,방림면,엽채류,12,204,1700,2.407891211,2.362677678
2013,상추,봉평면,엽채류,0,0,0,0,0
2013,상추,용평면,엽채류,0,0,0,0,0
2013,상추,진부면,엽채류,9.3,158,1700,1.953532609,1.653262511
2013,상추,평창읍,엽채류,0,0,0,0,0
2013,생강,대관령면,조미채류,0,0,0,,
2013,생강,대화면,조미채류,0,0,0,,
2013,생강,미탄면,조미채류,0,0,0,,
2013,생강,방림면,조미채류,0,0,0,,
2013,생강,봉평면,조미채류,0,0,0,,
2013,생강,용평면,조미채류,0,0,0,,
2013,생강,진부면,조미채류,0,0,0,,
2013,생강,평창읍,조미채류,0,0,0,,
2013,수박,대관령면,과채류,0,0,0,0,0
2013,수박,대화면,과채류,0,0,0,0,0
2013,수박,미탄면,과채류,0,0,0,0,0
2013,수박,방림면,과채류,5,40,800,2.889469453,1.054747582
2013,수박,봉평면,과채류,0,0,0,0,0
2013,수박,용평면,과채류,0,0,0,0,0
2013,수박,진부면,과채류,0,0,0,0,0
2013,수박,평창읍,과채류,5,175,3500,3.775294667,17.32002293
2013,수수,대관령면,잡곡,0,0,0,0,0
2013,수수,대화면,잡곡,3,3.3,110,0.817640715,0.757481562
2013,수수,미탄면,잡곡,8,8.8,110,5.900347677,11.080492
2013,수수,방림면,잡곡,7,7.7,110,1.394916288,1.368444061
2013,수수,봉평면,잡곡,1.4,1.5,110,0.40365683,0.347691416
2013,수수,용평면,잡곡,2,2.2,110,0.728155668,0.688779661
2013,수수,진부면,잡곡,2.6,2.9,110,0.542382357,0.465634062
2013,수수,평창읍,잡곡,5,5.5,110,1.301825747,3.66877333
2013,시금치,대관령면,엽채류,0,0,0,,
2013,시금치,대화면,엽채류,0,0,0,,
2013,시금치,미탄면,엽채류,0,0,0,,
2013,시금치,방림면,엽채류,0,0,0,,
2013,시금치,봉평면,엽채류,0,0,0,,
2013,시금치,용평면,엽채류,0,0,0,,
2013,시금치,진부면,엽채류,0,0,0,,
2013,시금치,평창읍,엽채류,0,0,0,,
2013,양배추,대관령면,엽채류,85,4504,5299,1.308041217,1.003902221
2013,양배추,대화면,엽채류,60,3179,5299,1.033634732,0.957494998
2013,양배추,미탄면,엽채류,13.4,710,5299,0.624693523,1.173066361
2013,양배추,방림면,엽채류,95,5034,5299,1.196598074,1.173917008
2013,양배추,봉평면,엽채류,92.3,4891,5299,1.682133885,1.487607066
2013,양배추,용평면,엽채류,43,2279,5299,0.989548951,0.936245663
2013,양배추,진부면,엽채류,55,2914,5299,0.725219519,0.613937486
2013,양배추,평창읍,엽채류,15.1,800,5299,0.248504575,0.700222461
2013,양파,대관령면,조미채류,1,49,4900,0.281288639,0.404751155
2013,양파,대화면,조미채류,3,33,1100,0.944684492,0.368348504
2013,양파,미탄면,조미채류,0,0,0,0,0
2013,양파,방림면,조미채류,10,30,300,2.302366098,0.259265316
2013,양파,봉평면,조미채류,0,0,0,0,0
2013,양파,용평면,조미채류,0,0,0,0,0
2013,양파,진부면,조미채류,11.1,544,4900,2.675342948,4.247491197
2013,양파,평창읍,조미채류,0,0,0,0,0
2013,오이,대관령면,과채류,0,0,0,0,0
2013,오이,대화면,과채류,0,0,0,0,0
2013,오이,미탄면,과채류,0,0,0,0,0
2013,오이,방림면,과채류,0,0,0,0,0
2013,오이,봉평면,과채류,0,0,0,0,0
2013,오이,용평면,과채류,0,0,0,0,0
2013,오이,진부면,과채류,0,0,0,0,0
2013,오이,평창읍,과채류,2,120,4000,7.550589334,21.27888531
2013,옥수수,대관령면,잡곡,2,10,504,0.023107003,0.017597783
2013,옥수수,대화면,잡곡,37,186.5,504,0.478551512,0.443496041
2013,옥수수,미탄면,잡곡,42.3,213,504,1.48051802,2.778489507
2013,옥수수,방림면,잡곡,129,650,504,1.219903647,1.196747325
2013,옥수수,봉평면,잡곡,23.8,120,504,0.325646895,0.288162021
2013,옥수수,용평면,잡곡,42,211.7,504,0.725653414,0.686643442
2013,옥수수,진부면,잡곡,25,126,504,0.247490156,0.209589767
2013,옥수수,평창읍,잡곡,310,1562,504,3.830277685,10.79423839
2013,자두,대관령면,과실류,0,0,0,,
2013,자두,대화면,과실류,0,0,0,,
2013,자두,미탄면,과실류,0,0,0,,
2013,자두,방림면,과실류,0,0,0,,
2013,자두,봉평면,과실류,0,0,0,,
2013,자두,용평면,과실류,0,0,0,,
2013,자두,진부면,과실류,0,0,0,,
2013,자두,평창읍,과실류,0,0,0,,
2013,조,대관령면,잡곡,0,0,0,0,0
2013,조,대화면,잡곡,2,2.1,105,0.831985289,0.770770712
2013,조,미탄면,잡곡,4,4.2,105,4.502896912,8.456164951
2013,조,방림면,잡곡,1,1.05,105,0.304154679,0.29838254
2013,조,봉평면,잡곡,0,0,0,0,0
2013,조,용평면,잡곡,0.4,0.42,105,0.222279099,0.210259055
2013,조,진부면,잡곡,0.2,0.21,105,0.06368052,0.053915523
2013,조,평창읍,잡곡,11.4,11.97,105,4.5303536,12.76733119
2013,참깨,대관령면,특용작물,0,0,0,0,0
2013,참깨,대화면,특용작물,5,3,59,0.741450305,0.697363978
2013,참깨,미탄면,특용작물,6,3.5,59,2.407740375,4.462975946
2013,참깨,방림면,특용작물,20,11.8,59,2.168457376,2.123725885
2013,참깨,봉평면,특용작물,0,0,0,0,0
2013,참깨,용평면,특용작물,0,0,0,0,0
2013,참깨,진부면,특용작물,1.3,0.8,59,0.147552424,0.130081897
2013,참깨,평창읍,특용작물,21,12.4,59,2.974903865,8.376450091
2013,콩,대관령면,두류,1,1.7,165,0.033303513,0.026319445
2013,콩,대화면,두류,32,52.8,165,1.193035509,1.104624541
2013,콩,미탄면,두류,38.9,64.2,165,3.92463574,7.367735719
2013,콩,방림면,두류,35,57.8,165,0.954070103,0.936239157
2013,콩,봉평면,두류,14.1,23.3,165,0.556116165,0.492244951
2013,콩,용평면,두류,16,26.4,165,0.796849599,0.753328155
2013,콩,진부면,두류,8,13.2,165,0.228288655,0.193171616
2013,콩,평창읍,두류,67,110.6,165,2.386271157,6.724127759
2013,토마토,대관령면,과채류,0.2,13.2,6600,0.085064396,0.065285655
2013,토마토,대화면,과채류,3,198,6600,1.428408479,1.323311163
2013,토마토,미탄면,과채류,0.3,19.8,6600,0.386543861,0.725905726
2013,토마토,방림면,과채류,9,594,6600,3.133159648,3.073699655
2013,토마토,봉평면,과채류,0,0,6600,0,0
2013,토마토,용평면,과채류,1,66,6600,0.636039589,0.601644885
2013,토마토,진부면,과채류,3.1,204.6,6600,1.129753798,0.956513344
2013,토마토,평창읍,과채류,0,0,0,0,0
2013,파,대관령면,조미채류,50,1600,3200,1.40253175,1.076422198
2013,파,대화면,조미채류,14,448,3200,0.439626712,0.407280511
2013,파,미탄면,조미채류,0,0,0,0,0
2013,파,방림면,조미채류,26,832,3200,0.596950384,0.585621671
2013,파,봉평면,조미채류,25.2,806.4,3200,0.83714289,0.740305061
2013,파,용평면,조미채류,7,224,3200,0.293634487,0.277755803
2013,파,진부면,조미채류,120,3840,3200,2.884219008,2.441942636
2013,파,평창읍,조미채류,9.5,304,3200,0.2849845,0.803136315
2013,팥,대관령면,두류,0,0,0,0,0
2013,팥,대화면,두류,4,4.8,120,0.672668957,0.623176321
2013,팥,미탄면,두류,16,19.2,120,7.281280113,13.67379864
2013,팥,방림면,두류,12,14.4,120,1.475473763,1.447472745
2013,팥,봉평면,두류,1,1.2,120,0.177903466,0.157324201
2013,팥,용평면,두류,1,1.2,120,0.22464377,0.212495853
2013,팥,진부면,두류,1,1.2,120,0.128715944,0.108978185
2013,팥,평창읍,두류,12,14.4,120,1.927810043,5.432906888
2013,포도,대관령면,과실류,0,0,0,0,0
2013,포도,대화면,과실류,0.5,7.9,1587,1.129122893,1.042276432
2013,포도,미탄면,과실류,0,0,0,0,0
2013,포도,방림면,과실류,2,31.7,1587,3.302250804,3.238122587
2013,포도,봉평면,과실류,0,0,0,0,0
2013,포도,용평면,과실류,0,0,0,0,0
2013,포도,진부면,과실류,0,0,0,0,0
2013,포도,평창읍,과실류,1,15.9,1587,2.157311238,6.096113089
2013,호박,대관령면,과채류,0,0,0,0,0
2013,호박,대화면,과채류,3,3.3,1100,1.20363354,0.053649338
2013,호박,미탄면,과채류,2,66,3300,2.171447749,5.885896341
2013,호박,방림면,과채류,8,160,2000,2.346777221,2.013949646
2013,호박,봉평면,과채류,0.7,23.1,3300,0.297107819,0.379233759
2013,호박,용평면,과채류,2,66,3300,1.071904282,1.463503854
2013,호박,진부면,과채류,4,132,3300,1.228355202,1.501111584
2013,호박,평창읍,과채류,0,0,0,0,0
2014,감자,대관령면,서류,390,10881,2790,1.567325598,1.167477326
2014,감자,대화면,서류,120,3348,2790,0.576473,0.705496369
2014,감자,미탄면,서류,27,753.3,2790,0.354363171,0.629393339
2014,감자,방림면,서류,85,2371.5,2790,0.298634262,0.271950346
2014,감자,봉평면,서류,334,9318.6,2790,1.33056614,1.129028714
2014,감자,용평면,서류,303,8453.7,2790,1.912793788,1.826525479
2014,감자,진부면,서류,398,11104.2,2790,1.65763531,1.412684182
2014,감자,평창읍,서류,32,892.8,2790,0.14436856,0.37232475
2014,겉보리,대관령면,맥류,0,0,0,0,0
2014,겉보리,대화면,맥류,0.5,0.1,200,4.05692874,4.964930699
2014,겉보리,미탄면,맥류,0.5,0.1,200,11.08369253,19.686025
2014,겉보리,방림면,맥류,0,0,0,0,0
2014,겉보리,봉평면,맥류,0,0,0,0,0
2014,겉보리,용평면,맥류,0,0,0,0,0
2014,겉보리,진부면,맥류,0,0,0,0,0
2014,겉보리,평창읍,맥류,0,0,0,0,0
2014,고구마,대관령면,서류,0,0,1555,0,0
2014,고구마,대화면,서류,1,15.6,1555,0.819581564,1.005229317
2014,고구마,미탄면,서류,3,46.7,1555,6.717389411,11.93169847
2014,고구마,방림면,서류,0,0,1555,0,0
2014,고구마,봉평면,서류,1,15.6,1555,0.679648645,0.577976432
2014,고구마,용평면,서류,1.4,21.8,1555,1.507814845,1.44034527
2014,고구마,진부면,서류,1.5,23.3,1555,1.065839059,0.906452273
2014,고구마,평창읍,서류,2,31.1,1555,1.539384461,3.966060444
2014,고추,대관령면,조미채류,3,54.9,183,0.096007432,0.071515049
2014,고추,대화면,조미채류,39.9,730.2,183,1.526369229,1.868084916
2014,고추,미탄면,조미채류,7,128.1,183,0.731596867,1.299417634
2014,고추,방림면,조미채류,110,2013,183,3.077530555,2.802565124
2014,고추,봉평면,조미채류,7,128.1,183,0.222063419,0.188429501
2014,고추,용평면,조미채류,30.1,550.8,183,1.513146581,1.444835107
2014,고추,진부면,조미채류,11.1,203.1,183,0.368144127,0.313699034
2014,고추,평창읍,조미채류,4,73.2,183,0.143704914,0.37061608
2014,기타과실류,대관령면,과실류,0,0,0,,
2014,기타과실류,대화면,과실류,0,0,0,,
2014,기타과실류,미탄면,과실류,0,0,0,,
2014,기타과실류,방림면,과실류,0,0,0,,
2014,기타과실류,봉평면,과실류,0,0,0,,
2014,기타과실류,용평면,과실류,0,0,0,,
2014,기타과실류,진부면,과실류,0,0,0,,
2014,기타과실류,평창읍,과실류,0,0,0,,
2014,기타두류,대관령면,두류,0,0,0,0,0
2014,기타두류,대화면,두류,3,3,0,3.863741658,4.728505427
2014,기타두류,미탄면,두류,0,0,0,0,0
2014,기타두류,방림면,두류,1,1,0,0.941910867,0.857748151
2014,기타두류,봉평면,두류,0,0,0,0,0
2014,기타두류,용평면,두류,0.1,0.1,0,0.169244523,0.16161148
2014,기타두류,진부면,두류,0.8,0.8,0,0.89327464,0.761274175
2014,기타두류,평창읍,두류,1.4,1.4,0,1.693322907,4.367059053
2014,기타잡곡,대관령면,잡곡,0,0,0,,
2014,기타잡곡,대화면,잡곡,0,0,0,,
2014,기타잡곡,미탄면,잡곡,0,0,0,,
2014,기타잡곡,방림면,잡곡,0,0,0,,
2014,기타잡곡,봉평면,잡곡,0,0,0,,
2014,기타잡곡,용평면,잡곡,0,0,0,,
2014,기타잡곡,진부면,잡곡,0,0,0,,
2014,기타잡곡,평창읍,잡곡,0,0,0,,
2014,녹두,대관령면,두류,0,0,0,0,0
2014,녹두,대화면,두류,0.7,0.6,90,1.535054118,1.805429345
2014,녹두,미탄면,두류,0.7,0.6,90,4.193829605,7.158554545
2014,녹두,방림면,두류,2,1.8,90,3.207588358,2.947534554
2014,녹두,봉평면,두류,0,0,0,0,0
2014,녹두,용평면,두류,0,0,0,0,0
2014,녹두,진부면,두류,0,0,0,0,0
2014,녹두,평창읍,두류,0.3,0.3,90,0.617834034,1.786524158
2014,논벼,대관령면,미곡,0,0,0,0,0
2014,논벼,대화면,미곡,115,569,495,2.120667296,2.594164892
2014,논벼,미탄면,미곡,15,74,495,0.755706309,1.337709688
2014,논벼,방림면,미곡,23,114,495,0.310188374,0.282844225
2014,논벼,봉평면,미곡,33,163,495,0.504639119,0.427285248
2014,논벼,용평면,미곡,6,30,495,0.145396431,0.140241367
2014,논벼,진부면,미곡,0.5,3,495,0.007993793,0.008257623
2014,논벼,평창읍,미곡,247.5,1225,495,4.286223608,11.05299037
2014,당근,대관령면,근채류,30,905.7,3019,3.332762098,2.482536604
2014,당근,대화면,근채류,6,181.1,3019,0.796778149,0.974898568
2014,당근,미탄면,근채류,0,0,0,0,0
2014,당근,방림면,근채류,11,332.1,3019,1.068321163,0.972897329
2014,당근,봉평면,근채류,0,0,0,0,0
2014,당근,용평면,근채류,1.2,36.2,3019,0.209408936,0.199810875
2014,당근,진부면,근채류,12.9,389.5,3019,1.485197012,1.265892764
2014,당근,평창읍,근채류,0,0,0,0,0
2014,들깨,대관령면,특용작물,1,1,98,0.053785463,0.040873685
2014,들깨,대화면,특용작물,36.8,36.1,98,2.366005985,2.897881944
2014,들깨,미탄면,특용작물,42.3,41.5,98,7.430114009,13.20889309
2014,들깨,방림면,특용작물,15,14.7,98,0.705313605,0.642166987
2014,들깨,봉평면,특용작물,6,5.9,98,0.319898015,0.272314321
2014,들깨,용평면,특용작물,3,2.9,98,0.253464461,0.238693754
2014,들깨,진부면,특용작물,5.1,4.9,98,0.284280053,0.237475079
2014,들깨,평창읍,특용작물,17,16.7,98,1.026459607,2.653067808
2014,딸기,대관령면,과채류,7,105,1500,3.959506526,2.949377013
2014,딸기,대화면,과채류,0,0,0,0,0
2014,딸기,미탄면,과채류,0,0,0,0,0
2014,딸기,방림면,과채류,1,15,1500,0.494503205,0.450317779
2014,딸기,봉평면,과채류,0,0,0,0,0
2014,딸기,용평면,과채류,4,60,1500,3.554134992,3.393841071
2014,딸기,진부면,과채류,0,0,0,0,0
2014,딸기,평창읍,과채류,0,0,0,0,0
2014,마늘,대관령면,조미채류,1,3,300,0.35169562,0.261972792
2014,마늘,대화면,조미채류,3,9,300,1.26122137,1.543501772
2014,마늘,미탄면,조미채류,0,0,0,0,0
2014,마늘,방림면,조미채류,10,30,300,3.074631327,2.79990329
2014,마늘,봉평면,조미채류,0,0,0,0,0
2014,마늘,용평면,조미채류,0,0,0,0,0
2014,마늘,진부면,조미채류,5.3,15.9,300,1.931764263,1.646304709
2014,마늘,평창읍,조미채류,0,0,0,0,0
2014,메밀,대관령면,잡곡,0,0,0,0,0
2014,메밀,대화면,잡곡,8.6,7.7,90,0.872239679,1.061943511
2014,메밀,미탄면,잡곡,4,3.6,90,1.108369253,1.9686025
2014,메밀,방림면,잡곡,2,1.8,90,0.148350962,0.135095334
2014,메밀,봉평면,잡곡,50.9,37,90,4.28102186,2.93398168
2014,메밀,용평면,잡곡,12.4,11.1,90,1.652672771,1.569651495
2014,메밀,진부면,잡곡,0.1,9,90,0.008793172,0.749379266
2014,메밀,평창읍,잡곡,2,1.8,90,0.190498827,0.491294143
2014,무,대관령면,근채류,95,4887.8,5145,1.439361428,1.072165052
2014,무,대화면,근채류,54.7,2814.3,5145,0.990687509,1.212406623
2014,무,미탄면,근채류,13.9,715.2,5145,0.687782706,1.221659725
2014,무,방림면,근채류,102,5247.9,5145,1.3510534,1.230327166
2014,무,봉평면,근채류,50,2572.5,5145,0.75095107,0.637203681
2014,무,용평면,근채류,41,2109.5,5145,0.975800455,0.93180923
2014,무,진부면,근채류,87.4,4496.7,5145,1.372362952,1.169554049
2014,무,평창읍,근채류,4,205.8,5145,0.068035295,0.175461433
2014,배,대관령면,과실류,0,0,0,0,0
2014,배,대화면,과실류,0,0,0,0,0
2014,배,미탄면,과실류,4,89.8,2244,22.16738506,39.37205
2014,배,방림면,과실류,0,0,0,0,0
2014,배,봉평면,과실류,0,0,0,0,0
2014,배,용평면,과실류,0,0,0,0,0
2014,배,진부면,과실류,0,0,0,0,0
2014,배,평창읍,과실류,0,0,0,0,0
2014,배추,대관령면,엽채류,239,9796.6,4099,1.46851307,1.093871104
2014,배추,대화면,엽채류,95,3894.1,4099,0.697760895,0.853940406
2014,배추,미탄면,엽채류,28.8,1180.5,4099,0.57791318,1.026434631
2014,배추,방림면,엽채류,312,12788.9,4099,1.675948221,1.526197748
2014,배추,봉평면,엽채류,260,10657.4,4099,1.58361149,1.343744542
2014,배추,용평면,엽채류,45,1844.6,4099,0.434333506,0.414755579
2014,배추,진부면,엽채류,65.9,2701.2,4099,0.419639758,0.357623194
2014,배추,평창읍,엽채류,59,2418.4,4099,0.406967712,1.04955932
2014,복숭아,대관령면,과실류,0,0,0,0,0
2014,복숭아,대화면,과실류,0,0,0,0,0
2014,복숭아,미탄면,과실류,1,14,1400,22.16738506,39.37205
2014,복숭아,방림면,과실류,0,0,0,0,0
2014,복숭아,봉평면,과실류,0,0,0,0,0
2014,복숭아,용평면,과실류,0,0,0,0,0
2014,복숭아,진부면,과실류,0,0,0,0,0
2014,복숭아,평창읍,과실류,0,0,0,0,0
2014,사과,대관령면,과실류,1,13,1300,0.111274188,0.082886473
2014,사과,대화면,과실류,9,117,1300,1.197126514,1.465061518
2014,사과,미탄면,과실류,2.9,37.7,1300,1.05385929,1.871785984
2014,사과,방림면,과실류,6,78,1300,0.583675914,0.531522625
2014,사과,봉평면,과실류,6,78,1300,0.661821795,0.561577353
2014,사과,용평면,과실류,4,52,1300,0.699174097,0.667640866
2014,사과,진부면,과실류,9,117,1300,1.037882624,0.884513232
2014,사과,평창읍,과실류,23.1,300.3,1300,2.88558879,7.441898172
2014,상추,대관령면,엽채류,3,51,1700,0.938395227,0.698996527
2014,상추,대화면,엽채류,0.7,11.9,1700,0.261737338,0.32031811
2014,상추,미탄면,엽채류,0.5,8.5,1700,0.510769241,0.907190092
2014,상추,방림면,엽채류,12,204,1700,3.281495923,2.98828388
2014,상추,봉평면,엽채류,0,0,0,0,0
2014,상추,용평면,엽채류,0,0,0,0,0
2014,상추,진부면,엽채류,5.5,93.5,1700,1.782947365,1.519478696
2014,상추,평창읍,엽채류,0,0,0,0,0
2014,생강,대관령면,조미채류,0,0,0,,
2014,생강,대화면,조미채류,0,0,0,,
2014,생강,미탄면,조미채류,0,0,0,,
2014,생강,방림면,조미채류,0,0,0,,
2014,생강,봉평면,조미채류,0,0,0,,
2014,생강,용평면,조미채류,0,0,0,,
2014,생강,진부면,조미채류,0,0,0,,
2014,생강,평창읍,조미채류,0,0,0,,
2014,수박,대관령면,과채류,0,0,0,0,0
2014,수박,대화면,과채류,0,0,0,0,0
2014,수박,미탄면,과채류,0,0,0,0,0
2014,수박,방림면,과채류,0,0,0,0,0
2014,수박,봉평면,과채류,0,0,0,0,0
2014,수박,용평면,과채류,0,0,0,0,0
2014,수박,진부면,과채류,0,0,0,0,0
2014,수박,평창읍,과채류,5,110,2200,7.619953081,19.65176574
2014,수수,대관령면,잡곡,0,0,0,0,0
2014,수수,대화면,잡곡,5.6,6.2,110,1.294518572,1.594951831
2014,수수,미탄면,잡곡,8,8.8,110,5.052395455,8.976011399
2014,수수,방림면,잡곡,7,7.7,110,1.183426474,1.077962767
2014,수수,봉평면,잡곡,1,1.1,110,0.191695772,0.162702247
2014,수수,용평면,잡곡,2,2.2,110,0.607544443,0.580294069
2014,수수,진부면,잡곡,1.7,1.8,110,0.340704109,0.279561177
2014,수수,평창읍,잡곡,9.8,10.8,110,2.127508268,5.498421501
2014,시금치,대관령면,엽채류,0,0,0,,
2014,시금치,대화면,엽채류,0,0,0,,
2014,시금치,미탄면,엽채류,0,0,0,,
2014,시금치,방림면,엽채류,0,0,0,,
2014,시금치,봉평면,엽채류,0,0,0,,
2014,시금치,용평면,엽채류,0,0,0,,
2014,시금치,진부면,엽채류,0,0,0,,
2014,시금치,평창읍,엽채류,0,0,0,,
2014,양배추,대관령면,엽채류,85,4504.2,5299,1.271109639,0.946827668
2014,양배추,대화면,엽채류,74.8,3963.7,5299,1.33711509,1.636378406
2014,양배추,미탄면,엽채류,13.4,710.1,5299,0.654423793,1.162377828
2014,양배추,방림면,엽채류,95,5034.1,5299,1.241977647,1.130998307
2014,양배추,봉평면,엽채류,93.3,4944,5299,1.383060287,1.173563
2014,양배추,용평면,엽채류,35,1854.7,5299,0.822172668,0.785102218
2014,양배추,진부면,엽채류,33.4,1769.9,5299,0.517632875,0.441143786
2014,양배추,평창읍,엽채류,24,1271.8,5299,0.402905649,1.039106773
2014,양파,대관령면,조미채류,1,3,300,0.416424876,0.310188643
2014,양파,대화면,조미채류,0,0,0,0,0
2014,양파,미탄면,조미채류,0,0,0,0,0
2014,양파,방림면,조미채류,10,30,300,3.640514394,3.315222914
2014,양파,봉평면,조미채류,0,0,0,0,0
2014,양파,용평면,조미채류,0,0,0,0,0
2014,양파,진부면,조미채류,5.3,15.9,300,2.287303697,1.949305576
2014,양파,평창읍,조미채류,0,0,0,0,0
2014,오이,대관령면,과채류,0,0,0,,
2014,오이,대화면,과채류,0,0,0,,
2014,오이,미탄면,과채류,0,0,0,,
2014,오이,방림면,과채류,0,0,0,,
2014,오이,봉평면,과채류,0,0,0,,
2014,오이,용평면,과채류,0,0,0,,
2014,오이,진부면,과채류,0,0,0,,
2014,오이,평창읍,과채류,0,0,0,,
2014,옥수수,대관령면,잡곡,2,10,491,0.021790451,0.016529062
2014,옥수수,대화면,잡곡,74.6,366.3,491,0.971579082,1.189090271
2014,옥수수,미탄면,잡곡,45,220.7,491,1.601175486,2.840698105
2014,옥수수,방림면,잡곡,129,633.4,491,1.228717434,1.118956284
2014,옥수수,봉평면,잡곡,27,132.6,491,0.291605269,0.247494991
2014,옥수수,용평면,잡곡,45,221,491,0.770157663,0.735596662
2014,옥수수,진부면,잡곡,13.6,66.8,491,0.153562944,0.130919049
2014,옥수수,평창읍,잡곡,286.8,1408.1,491,3.507869251,9.046275241
2014,자두,대관령면,과실류,0,0,0,,
2014,자두,대화면,과실류,0,0,0,,
2014,자두,미탄면,과실류,0,0,0,,
2014,자두,방림면,과실류,0,0,0,,
2014,자두,봉평면,과실류,0,0,0,,
2014,자두,용평면,과실류,0,0,0,,
2014,자두,진부면,과실류,0,0,0,,
2014,자두,평창읍,과실류,0,0,0,,
2014,조,대관령면,잡곡,0,0,0,0,0
2014,조,대화면,잡곡,2,2.1,105,1.248285766,1.522095543
2014,조,미탄면,잡곡,4,4.2,105,6.820733864,12.0702635
2014,조,방림면,잡곡,2,2.1,105,0.912928994,0.828321754
2014,조,봉평면,잡곡,0,0,0,0,0
2014,조,용평면,잡곡,0.7,0.7,105,0.574129499,0.520223814
2014,조,진부면,잡곡,1.3,1.5,105,0.703453779,0.656390598
2014,조,평창읍,잡곡,3,3.1,105,1.758450711,4.446749911
2014,참깨,대관령면,특용작물,0,0,0,0,0
2014,참깨,대화면,특용작물,2,3,59,0.540923832,1.527670984
2014,참깨,미탄면,특용작물,6,3.5,59,4.433477011,7.066778205
2014,참깨,방림면,특용작물,20,11.8,59,3.956025641,3.269999873
2014,참깨,봉평면,특용작물,0,0,0,0,0
2014,참깨,용평면,특용작물,0,0,0,0,0
2014,참깨,진부면,특용작물,0,0,0,0,0
2014,참깨,평창읍,특용작물,2,1.2,59,0.507996872,1.20933943
2014,콩,대관령면,두류,1,1.7,165,0.023560311,0.0180802
2014,콩,대화면,두류,87.6,144.5,165,2.467108349,3.018226697
2014,콩,미탄면,두류,38.9,64.2,165,2.993097115,5.316965944
2014,콩,방림면,두류,35,57.8,165,0.720900195,0.657005494
2014,콩,봉평면,두류,16,26.4,165,0.373677006,0.317053768
2014,콩,용평면,두류,13,21.5,165,0.481122057,0.460460137
2014,콩,진부면,두류,16.6,27.3,165,0.405322205,0.344266789
2014,콩,평창읍,두류,80,132,165,2.115918939,5.456527297
2014,토마토,대관령면,과채류,0.2,13.2,6600,0.073380816,0.054660269
2014,토마토,대화면,과채류,1.9,125.4,6600,0.833315093,1.019823603
2014,토마토,미탄면,과채류,0.5,33,6600,0.599118515,1.064109459
2014,토마토,방림면,과채류,9,594,6600,2.886829522,2.62888217
2014,토마토,봉평면,과채류,0,0,0,0,0
2014,토마토,용평면,과채류,1.2,79.2,6600,0.691615458,0.660423127
2014,토마토,진부면,과채류,5.7,376.2,6600,2.167398129,1.847118624
2014,토마토,평창읍,과채류,0,0,0,0,0
2014,파,대관령면,조미채류,50,1600,3200,0.996729144,0.721266031
2014,파,대화면,조미채류,10,320,3200,0.238292437,0.283305603
2014,파,미탄면,조미채류,0,0,0,0,0
2014,파,방림면,조미채류,26,832,3200,0.453113069,0.400853487
2014,파,봉평면,조미채류,30,960,3200,0.592821285,0.488676441
2014,파,용평면,조미채류,29.6,947.2,3200,0.926893355,0.859837624
2014,파,진부면,조미채류,194.9,6236.8,3200,4.026523978,3.333615269
2014,파,평창읍,조미채류,0,320,3200,0,0.560678052
2014,팥,대관령면,두류,0,0,0,0,0
2014,팥,대화면,두류,7,8.4,120,1.844058518,2.254346912
2014,팥,미탄면,두류,10,12,120,7.197202941,12.76931351
2014,팥,방림면,두류,5,6,120,0.963317932,0.876294057
2014,팥,봉평면,두류,1,1.2,120,0.218458493,0.185168749
2014,팥,용평면,두류,1,1.2,120,0.34618198,0.330211564
2014,팥,진부면,두류,0.8,1,120,0.182715267,0.162027949
2014,팥,평창읍,두류,6,7.2,120,1.484406444,3.824127387
2014,포도,대관령면,과실류,0,0,0,0,0
2014,포도,대화면,과실류,0,0,0,0,0
2014,포도,미탄면,과실류,0,0,0,0,0
2014,포도,방림면,과실류,2,31.8,1587,3.956025641,3.602542233
2014,포도,봉평면,과실류,0,0,0,0,0
2014,포도,용평면,과실류,0,0,0,0,0
2014,포도,진부면,과실류,0,0,0,0,0
2014,포도,평창읍,과실류,1,15.9,1587,2.53998436,6.550588579
2014,호박,대관령면,과채류,0,0,0,0,0
2014,호박,대화면,과채류,1.2,39.6,3300,0.737623407,0.902714673
2014,호박,미탄면,과채류,2,66,3300,3.358694706,5.965462121
2014,호박,방림면,과채류,8,264,3300,3.596386946,3.275038394
2014,호박,봉평면,과채류,1,33,3300,0.509736484,0.432528012
2014,호박,용평면,과채류,0.1,3.3,3300,0.080775795,0.077132752
2014,호박,진부면,과채류,0.9,29.7,3300,0.479627576,0.408752327
2014,호박,평창읍,과채류,0,0,0,0,0
2015,배추,방림면,엽채류,705,110262,15640,2.875369268,1.615588665
2015,감자,대관령면,서류,398,11104.2,2790,1.778078735,1.30492419
2015,감자,봉평면,서류,308,8593.2,2790,1.510925319,1.7578692
2015,옥수수,평창읍,잡곡,286.8,1434,500,3.136409399,11.46620687
2015,감자,용평면,서류,248,6919.2,2790,1.807851144,2.62112434
2015,감자,진부면,서류,248,6919.2,2790,1.076943326,0.986890754
2015,배추,대관령면,엽채류,241.9,37827,15640,1.180165283,0.866000971
2015,파,진부면,조미채류,213.1,7244,3400,5.084667632,4.659863446
2015,논벼,평창읍,미곡,209,1065.9,510,4.511747167,16.51232987
2015,무,진부면,근채류,186.2,28263.2,15180,2.806813705,2.572453501
2015,감자,대화면,서류,160.2,4469.6,2790,1.006909182,1.502849129
2015,옥수수,미탄면,잡곡,150.6,753,500,3.569358601,12.17163689
2015,무,대관령면,근채류,137.3,20836.8,15180,2.129272262,1.562579186
2015,옥수수,방림면,잡곡,129,645,500,0.93700497,0.525884556
2015,배추,봉평면,엽채류,129,20175.6,15640,0.691068413,0.80403799
2015,논벼,대화면,미곡,104,530.4,510,2.50953191,3.745551358
2015,양배추,봉평면,엽채류,95,4884.5,5140,1.957520006,2.27868414
2015,배추,대화면,엽채류,86.8,13575.5,15640,0.595780885,0.889244183
2015,배추,진부면,엽채류,83,12977.2,15640,0.39360292,0.36058916
2015,메밀,봉평면,잡곡,75.8,68.98,91,6.117190544,7.120552056
2015,옥수수,대화면,잡곡,73.56,371.983,500,0.899199869,1.355857543
2015,양배추,대화면,엽채류,73.3,3766.8,5140,1.935183203,2.888362287
2015,당근,진부면,근채류,72.7,3273.6,4500,4.468356299,4.094651577
2015,배추,용평면,엽채류,66.2,10359.5,15640,0.52699686,0.764520275
2015,들깨,방림면,특용작물,60,59,98,1.945369428,1.107232839
2015,감자,방림면,서류,60,1674,2790,0.224087024,0.125904691
2015,고추,용평면,조미채류,59.4,1605,270,5.876161078,8.522781839
2015,옥수수,용평면,잡곡,58,290,500,0.82229132,1.190896395
2015,콩,대화면,두류,53,92.8,175,2.147254819,3.204379373
2015,양배추,대관령면,엽채류,50.8,2610.9,5140,0.953283223,0.699714096
2015,무,봉평면,근채류,49.9,7579.6,15180,0.849739039,0.98944334
2015,옥수수,봉평면,잡곡,48,240,500,0.4579523,0.532215014
2015,들깨,미탄면,특용작물,42.5,42,98,4.496274242,15.62642193
2015,감자,평창읍,서류,40,1116,2790,0.224919374,0.823171969
2015,양배추,방림면,엽채류,37.5,1926,5140,0.588284016,0.330350615
2015,들깨,대화면,특용작물,36.8,35,98,2.007987409,2.936400286
2015,양배추,용평면,엽채류,35.3,1813.4,5140,1.08087635,1.566598582
2015,콩,용평면,두류,35,61.3,175,1.644594974,2.384742214
2015,당근,대관령면,근채류,32,1441,4500,2.023438974,1.485046771
2015,논벼,봉평면,미곡,31,158.1,510,0.583828874,0.679249023
2015,배추,평창읍,엽채류,30.3,4738.9,15640,0.186058088,0.680961245
2015,양배추,진부면,엽채류,29.5,1516.5,5140,0.538088247,0.493273733
2015,사과,평창읍,과실류,29,904.8,3120,3.507232435,12.83643167
2015,파,대관령면,조미채류,28.3,961.8,3400,0.694692009,0.50975833
2015,콩,미탄면,두류,28,49,175,2.199461901,7.503347737
2015,고추,진부면,조미채류,27,727.9,270,1.591113616,1.455323396
2015,콩,진부면,두류,26.5,46.4,175,0.741766079,0.679642302
2015,콩,봉평면,두류,26,45.5,175,0.822139581,0.955855535
2015,콩,평창읍,두류,25,43.8,175,0.906122282,3.317796271
2015,콩,방림면,두류,25,43.8,175,0.601846023,0.338306074
2015,양배추,평창읍,엽채류,24.2,1242.2,5140,0.571574128,2.08953804
2015,논벼,방림면,미곡,21,107.1,510,0.301103877,0.169177049
2015,감자,미탄면,서류,19.7,549.6,2790,0.24007377,0.819514217
2015,무,대화면,근채류,17.3,2626.6,15180,0.377456263,0.563577532
2015,들깨,평창읍,특용작물,17,16,98,0.829853009,2.944739276
2015,고추,봉평면,조미채류,15.6,421.1,270,1.038515877,1.207512052
2015,파,봉평면,조미채류,15.4,523.5,3400,0.4150983,0.48298081
2015,논벼,미탄면,미곡,15,76.5,510,0.701780567,2.395723643
2015,배추,미탄면,엽채류,14.8,2313.2,15640,0.196960551,0.671956911
2015,옥수수,진부면,잡곡,14,70,500,0.118237688,0.108231949
2015,무,방림면,근채류,12.9,1958.2,15180,0.167242986,0.093984559
2015,참깨,평창읍,특용작물,12,7.2,60,2.499810153,9.148936839
2015,메밀,용평면,잡곡,12,10.92,91,1.439072765,2.087436227
2015,파,용평면,조미채류,11.8,401.5,3400,0.472640515,0.685960078
2015,콩,대관령면,두류,11.4,20,175,0.328286251,0.241366631
2015,무,용평면,근채류,10.8,1634.6,15180,0.273292357,0.395144771
2015,사과,대화면,과실류,10.5,327.6,3120,1.419439102,2.118634116
2015,무,미탄면,근채류,9.1,1381.4,15180,0.384957354,1.314444414
2015,기타과실류,봉평면,과실류,8.8,80.2,908,6.527814083,7.604385887
2015,사과,진부면,과실류,8.6,268.3,3120,0.803228844,0.736036263
2015,수박,평창읍,과채류,8,460,5750,8.332700509,30.49645613
2015,참깨,대화면,특용작물,8,4.8,60,1.862844841,2.780351585
2015,참깨,봉평면,특용작물,8,4.8,60,1.453922228,1.69154918
2015,수수,미탄면,잡곡,7.9,8.7,110,4.755577022,16.20406674
2015,수수,평창읍,잡곡,7.5,8.3,110,2.083175127,7.64714761
2015,양배추,미탄면,엽채류,7.2,369.4,5140,0.368554148,1.256142871
2015,팥,미탄면,두류,7,8.8,125,6.320703637,21.44346264
2015,조,평창읍,잡곡,7,7.35,105,3.888593571,14.22264927
2015,참깨,미탄면,특용작물,7,4.2,60,3.160351819,10.78874214
2015,포도,진부면,과실류,6.6,99.5,1505,4.290113751,3.919561406
2015,사과,방림면,과실류,6.2,193.4,3120,0.498031514,0.279774592
2015,수수,방림면,잡곡,6,6.6,110,1.106915205,0.620048122
2015,들깨,봉평면,특용작물,6,5.8,98,0.25552236,0.296046628
2015,상추,대관령면,엽채류,5.7,105.1,1857,2.602517554,1.935014967
2015,수수,대화면,잡곡,5.6,6.2,110,1.738655185,2.603954657
2015,양파,진부면,조미채류,5.4,203.7,3805,5.429675216,4.963772348
2015,사과,봉평면,과실류,5.2,162.2,3120,0.548649897,0.638186818
2015,들깨,진부면,특용작물,5.1,5,98,0.192263446,0.177944139
2015,조,미탄면,잡곡,5,5.25,105,6.01971775,20.5369457
2015,팥,방림면,두류,5,6.3,125,1.383644006,0.774336058
2015,사과,미탄면,과실류,5,156,3120,1.310533618,4.474038422
2015,참깨,방림면,특용작물,5,3,60,0.691822003,0.38870441
2015,논벼,용평면,미곡,5,25.5,510,0.139930564,0.202879159
2015,호박,대화면,과채류,4.8,178.1,3687,3.725689682,5.590207917
2015,상추,방림면,엽채류,4.4,76.9,1857,1.679457552,0.9061423
2015,팥,평창읍,두류,4.2,5.3,125,1.749867107,6.388585672
2015,딸기,용평면,과채류,4,9.9,249,3.928232566,5.679724666
2015,딸기,대관령면,과채류,4,10,249,2.407432506,1.779747353
2015,기타잡곡,대화면,잡곡,4,4,100,1.774137944,2.647953891
2015,기타잡곡,봉평면,잡곡,4,4,100,1.384687836,1.610999219
2015,기타두류,방림면,두류,4,3.4,84,1.383644006,0.77740882
2015,기타잡곡,방림면,잡곡,4,4,100,1.054204957,0.592311482
2015,마늘,미탄면,조미채류,3.7,31.2,848,9.683893772,33.27817644
2015,배,평창읍,과실류,3.5,73,2108,4.703943836,17.1513197
2015,무,평창읍,근채류,3.4,509.9,15180,0.066364914,0.240007269
2015,복숭아,평창읍,과실류,3.3,46.6,1391,3.525373292,12.91940778
2015,포도,평창읍,과실류,3.3,50.2,1505,2.777566836,10.22660052
2015,사과,용평면,과실류,3.3,103,3120,0.517397831,0.750471678
2015,고추,미탄면,조미채류,3.2,85.6,270,0.529205956,1.789196866
2015,호박,봉평면,과채류,3.1,115.4,3687,1.877982877,2.203711621
2015,기타두류,평창읍,두류,3,2.5,84,1.562381345,5.605966201
2015,기타잡곡,평창읍,잡곡,3,3,100,1.190385787,4.35663659
2015,들깨,용평면,특용작물,3,2.7,98,0.189853068,0.255209003
2015,상추,진부면,엽채류,2.8,51.7,1857,1.242653638,1.15528024
2015,호박,방림면,과채류,2.7,98.8,3687,1.245279605,0.693682469
2015,복숭아,대화면,과실류,2.6,36,1391,3.104741401,4.54966623
2015,고추,평창읍,조미채류,2.4,65.3,270,0.183136275,0.675171583
2015,조,진부면,잡곡,2.3,2.42,105,0.986726163,0.905514367
2015,기타두류,미탄면,두류,2,1.7,84,2.257394156,7.706244385
2015,고구마,방림면,서류,2,31.2,1559,1.844858674,1.036545093
2015,기타잡곡,미탄면,잡곡,2,2,100,1.719919357,5.871424293
2015,기타두류,용평면,두류,2,1.7,84,1.350329945,1.957783881
2015,기타두류,대화면,두류,2,1.7,84,1.164278026,1.737719741
2015,기타잡곡,용평면,잡곡,2,2,100,1.028822815,1.491644862
2015,기타두류,봉평면,두류,2,1.7,84,0.908701392,1.057218237
2015,수수,용평면,잡곡,2,2.2,110,0.720175971,1.040996867
2015,메밀,미탄면,잡곡,2,1.8,90,0.400958109,1.354381809
2015,옥수수,대관령면,잡곡,2,10,500,0.017377394,0.012739203
2015,배,진부면,과실류,1.6,33.6,2108,1.660689194,1.52651395
2015,토마토,평창읍,과채류,1.5,92.8,6337,3.471958545,12.4672737
2015,녹두,방림면,두류,1.5,1.4,90,3.320745614,1.892821474
2015,마늘,대화면,조미채류,1.5,12.9,848,2.024831349,3.102641475
2015,마늘,평창읍,조미채류,1.5,12.4,848,1.811456632,6.542492319
2015,딸기,진부면,과채류,1.2,2.9,249,0.702018614,0.626428551
2015,호박,진부면,과채류,1.1,40.6,3687,0.589890641,0.540575733
2015,사과,대관령면,과실류,1.1,34.3,3120,0.10569642,0.077527802
2015,고구마,미탄면,서류,1,15.6,1559,3.009858875,10.27499251
2015,복숭아,미탄면,과실류,1,13.9,1391,2.315276058,7.790312506
2015,고구마,용평면,서류,1,15.6,1559,1.800439926,2.610378508
2015,고구마,평창읍,서류,1,15.6,1559,1.388783418,5.082742688
2015,고구마,진부면,서류,1,15.6,1559,1.072528438,0.982844795
2015,기타과실류,진부면,과실류,1,9,908,0.656650064,0.594995728
2015,팥,용평면,두류,1,1.3,125,0.540131978,0.804780726
2015,딸기,방림면,과채류,1,2.5,249,0.503143275,0.284765135
2015,팥,대화면,두류,1,1.3,125,0.46571121,0.714319577
2015,기타두류,진부면,두류,1,0.9,84,0.402198164,0.390247198
2015,팥,봉평면,두류,1,1.3,125,0.363480557,0.434587734
2015,기타잡곡,대관령면,잡곡,1,1,100,0.315259019,0.231367156
2015,기타잡곡,진부면,잡곡,1,1,100,0.306436696,0.280812799
2015,수수,봉평면,잡곡,1,1.1,110,0.242320371,0.281073127
2015,논벼,진부면,미곡,1,5.1,510,0.016671426,0.01527738
2015,토마토,대화면,과채류,0.8,48.4,6337,2.069827601,2.964075258
2015,배,대화면,과실류,0.8,17.2,2108,1.201835381,1.842143577
2015,딸기,대화면,과채류,0.8,2,249,0.677398124,1.018443804
2015,팥,진부면,두류,0.8,1,125,0.257406825,0.233085722
2015,고추,대관령면,조미채류,0.8,20.8,270,0.048501387,0.034263832
2015,녹두,미탄면,두류,0.7,0.6,90,5.05656291,16.08259698
2015,조,용평면,잡곡,0.7,0.74,105,0.504123179,0.735411204
2015,상추,대화면,엽채류,0.7,13.6,1857,0.449652203,0.716422538
2015,파,대화면,조미채류,0.7,25.3,3400,0.02417485,0.038366201
2015,토마토,방림면,과채류,0.6,40.6,6337,0.922429337,0.556172654
2015,양파,대화면,조미채류,0.6,22.4,3805,0.873208519,1.286774287
2015,복숭아,방림면,과실류,0.6,8.5,1391,0.425736617,0.240289999
2015,오이,대화면,과채류,0.5,28.9,5548,9.314224204,13.3920268
2015,토마토,미탄면,과채류,0.5,31.7,6337,2.508215729,8.609266855
2015,상추,미탄면,엽채류,0.5,9.3,1857,0.622729422,2.172582729
2015,고추,대화면,조미채류,0.4,11.9,270,0.034118037,0.056087784
2015,고추,방림면,조미채류,0.4,11.9,270,0.020273172,0.012546079
2015,녹두,평창읍,두류,0.3,0.3,90,0.999924061,3.977798626
2015,양파,대관령면,조미채류,0.3,11.9,3805,0.310333097,0.238920051
2015,복숭아,진부면,과실류,0.3,4.6,1391,0.247506563,0.246604694
2015,호박,평창읍,과채류,0.3,9.7,3687,0.208317513,0.667906129
2015,들깨,대관령면,특용작물,0.3,0.2,98,0.011635219,0.005864466
2015,마늘,진부면,조미채류,0.2,1.3,848,0.186526685,0.132633035
2015,배,방림면,과실류,0.2,4,2108,0.17853471,0.095828514
2015,상추,용평면,엽채류,0.2,4,1857,0.149001925,0.23739706
2015,상추,봉평면,엽채류,0.2,3.3,1857,0.100270498,0.105761885
2015,파,평창읍,조미채류,0.2,5.1,3400,0.006179237,0.016965947
2015,파,방림면,조미채류,0.2,6.1,3400,0.004104246,0.002069178
2015,메밀,진부면,잡곡,0.14,0.127,91,0.010001375,0.009140622
2015,자두,평창읍,과실류,0.1,12,12000,8.332700509,30.49645613
2015,시금치,방림면,엽채류,0.1,1,1010,5.534576023,3.109635279
2015,토마토,봉평면,과채류,0.1,7.6,6337,0.201933643,0.283166823
2015,토마토,진부면,과채류,0.1,5.5,6337,0.17875474,0.142880521
2015,배,봉평면,과실류,0.1,2,2108,0.117251793,0.130319659
2015,양파,방림면,조미채류,0.1,2.7,3805,0.08647775,0.034694278
2015,메밀,평창읍,잡곡,0.1,0.09,90,0.009250334,0.033498682
2015,메밀,대화면,잡곡,0.04,0.017,91,0.004135979,0.002884393
2015,고구마,대관령면,서류,0,0,0,0,0
2015,고구마,대화면,서류,0,0,0,0,0
2015,고구마,봉평면,서류,0,0,0,0,0
2015,기타과실류,대관령면,과실류,0,0,0,0,0
2015,기타과실류,대화면,과실류,0,0,0,0,0
2015,기타과실류,미탄면,과실류,0,0,0,0,0
2015,기타과실류,방림면,과실류,0,0,0,0,0
2015,기타과실류,용평면,과실류,0,0,0,0,0
2015,기타과실류,평창읍,과실류,0,0,0,0,0
2015,기타두류,대관령면,두류,0,0,0,0,0
2015,녹두,대관령면,두류,0,0,0,0,0
2015,녹두,대화면,두류,0,0,0,0,0
2015,녹두,봉평면,두류,0,0,0,0,0
2015,녹두,용평면,두류,0,0,0,0,0
2015,녹두,진부면,두류,0,0,0,0,0
2015,논벼,대관령면,미곡,0,0,0,0,0
2015,당근,대화면,근채류,0,0,0,0,0
2015,당근,미탄면,근채류,0,0,0,0,0
2015,당근,방림면,근채류,0,0,0,0,0
2015,당근,봉평면,근채류,0,0,0,0,0
2015,당근,용평면,근채류,0,0,0,0,0
2015,당근,평창읍,근채류,0,0,0,0,0
2015,딸기,미탄면,과채류,0,0,0,0,0
2015,딸기,봉평면,과채류,0,0,0,0,0
2015,딸기,평창읍,과채류,0,0,0,0,0
2015,마늘,대관령면,조미채류,0,0,0,0,0
2015,마늘,방림면,조미채류,0,0,0,0,0
2015,마늘,봉평면,조미채류,0,0,0,0,0
2015,마늘,용평면,조미채류,0,0,0,0,0
2015,메밀,대관령면,잡곡,0,0,0,0,0
2015,메밀,방림면,잡곡,0,0,0,0,0
2015,배,대관령면,과실류,0,0,0,0,0
2015,배,미탄면,과실류,0,0,0,0,0
2015,배,용평면,과실류,0,0,0,0,0
2015,복숭아,대관령면,과실류,0,0,0,0,0
2015,복숭아,봉평면,과실류,0,0.4,1391,0,0.03075544
2015,복숭아,용평면,과실류,0,0,0,0,0
2015,상추,평창읍,엽채류,0,0,0,0,0
2015,수박,대관령면,과채류,0,0,0,0,0
2015,수박,대화면,과채류,0,0,0,0,0
2015,수박,미탄면,과채류,0,0,0,0,0
2015,수박,방림면,과채류,0,0,0,0,0
2015,수박,봉평면,과채류,0,0,0,0,0
2015,수박,용평면,과채류,0,0,0,0,0
2015,수박,진부면,과채류,0,0,0,0,0
2015,수수,대관령면,잡곡,0,0,0,0,0
2015,수수,진부면,잡곡,0,0,0,0,0
2015,시금치,대관령면,엽채류,0,0,0,0,0
2015,시금치,대화면,엽채류,0,0,0,0,0
2015,시금치,미탄면,엽채류,0,0,0,0,0
2015,시금치,봉평면,엽채류,0,0,0,0,0
2015,시금치,용평면,엽채류,0,0,0,0,0
2015,시금치,진부면,엽채류,0,0,0,0,0
2015,시금치,평창읍,엽채류,0,0,0,0,0
2015,양파,미탄면,조미채류,0,0,0,0,0
2015,양파,봉평면,조미채류,0,1.3,3805,0,0.045434172
2015,양파,용평면,조미채류,0,0,0,0,0
2015,양파,평창읍,조미채류,0,0,0,0,0
2015,오이,대관령면,과채류,0,0,0,0,0
2015,오이,미탄면,과채류,0,0,0,0,0
2015,오이,방림면,과채류,0,0,0,0,0
2015,오이,봉평면,과채류,0,1.1,5548,0,0.31011735
2015,오이,용평면,과채류,0,0,0,0,0
2015,오이,진부면,과채류,0,0,0,0,0
2015,오이,평창읍,과채류,0,0,0,0,0
2015,자두,대관령면,과실류,0,0,0,0,0
2015,자두,대화면,과실류,0,0,0,0,0
2015,자두,미탄면,과실류,0,0,0,0,0
2015,자두,방림면,과실류,0,0,0,0,0
2015,자두,봉평면,과실류,0,0,0,0,0
2015,자두,용평면,과실류,0,0,0,0,0
2015,자두,진부면,과실류,0,0,0,0,0
2015,조,대관령면,잡곡,0,0,0,0,0
2015,조,대화면,잡곡,0,0,0,0,0
2015,조,방림면,잡곡,0,0,0,0,0
2015,조,봉평면,잡곡,0,0,0,0,0
2015,참깨,대관령면,특용작물,0,0,0,0,0
2015,참깨,용평면,특용작물,0,0,0,0,0
2015,참깨,진부면,특용작물,0,0,0,0,0
2015,토마토,대관령면,과채류,0,0,0,0,0
2015,토마토,용평면,과채류,0,0.4,6337,0,0.027598716
2015,파,미탄면,조미채류,0,0,0,0,0
2015,팥,대관령면,두류,0,0,0,0,0
2015,포도,대관령면,과실류,0,0,0,0,0
2015,포도,대화면,과실류,0,0,0,0,0
2015,포도,미탄면,과실류,0,0,0,0,0
2015,포도,방림면,과실류,0,0,0,0,0
2015,포도,봉평면,과실류,0,0,0,0,0
2015,포도,용평면,과실류,0,0,0,0,0
2015,호박,대관령면,과채류,0,0,0,0,0
2015,호박,미탄면,과채류,0,0,0,0,0
2015,호박,용평면,과채류,0,0.3,3687,0,0.010608899
2015,겉보리,대관령면,맥류,0,0,0,,
2015,겉보리,대화면,맥류,0,0,0,,
2015,겉보리,미탄면,맥류,0,0,0,,
2015,겉보리,방림면,맥류,0,0,0,,
2015,겉보리,봉평면,맥류,0,0,0,,
2015,겉보리,용평면,맥류,0,0,0,,
2015,겉보리,진부면,맥류,0,0,0,,
2015,겉보리,평창읍,맥류,0,0,0,,
2015,생강,대관령면,조미채류,0,0,0,,
2015,생강,대화면,조미채류,0,0,0,,
2015,생강,미탄면,조미채류,0,0,0,,
2015,생강,방림면,조미채류,0,0,0,,
2015,생강,봉평면,조미채류,0,0,0,,
2015,생강,용평면,조미채류,0,0,0,,
2015,생강,진부면,조미채류,0,0,0,,
2015,생강,평창읍,조미채류,0,0,0,,
